{
  "algo_name": "dual_feg",
  "folder_name": "dual-feg",
  "problem_type": "monotone_operator",
  "obj_tag": "A",
  "params_json": "{\"L\": 1, \"R\": 1}",
  "performance_metric": "||A(x_N)||^2",
  "initial_condition": "||x_0 - x_star||^2 <= R^2, where A(x_star)=0",
  "step_size": "alpha = 1/L",
  "z0_assumption": "z_0 = 0",
  "conjectured_rate": "4 * L^2 * R^2 / N^2 for N >= 2; N=1 tight value is 2 * L^2 * R^2",
  "setup_file": "examples_peppy/dual-feg/dual_feg_setup.py",
  "sweep_results": [
    {
      "N": 1,
      "opt_value": 1.9999986350846826,
      "tau_sol": 1.9999963633096909,
      "S_matrix": [
        [
          0.2291814906785673,
          -0.22918149067856705,
          0.22918230085766655,
          -1.7049409574192913e-05,
          -0.22916350691074217
        ],
        [
          -0.22918149067856705,
          0.22918149067856694,
          -0.229182300857666,
          1.7049409574027863e-05,
          0.22916350691074217
        ],
        [
          0.22918230085766655,
          -0.229182300857666,
          0.2291831112402019,
          -4.52226120489907e-06,
          -0.22917684412702827
        ],
        [
          -1.7049409574192913e-05,
          1.7049409574027863e-05,
          -4.52226120489907e-06,
          0.7824167050243493,
          -0.782392917764275
        ],
        [
          -0.22916350691074217,
          0.22916350691074217,
          -0.22917684412702827,
          -0.782392917764275,
          1.0115487525280988
        ]
      ],
      "S_row_names": [
        "x_0",
        "x_star",
        "A(x_0)",
        "A(x_0.5)",
        "A(x_1)"
      ],
      "S_col_names": [
        "x_0",
        "x_star",
        "A(x_0)",
        "A(x_0.5)",
        "A(x_1)"
      ],
      "basis_vectors": [
        "x_0",
        "x_star",
        "A(x_0)",
        "A(x_0.5)",
        "A(x_1)"
      ],
      "lambda_groups": {
        "Monotone Operator Inequality": {
          "matrix": [
            [
              0.0,
              0.49221293188082127,
              0.5910538708238442
            ],
            [
              0.0,
              0.0,
              3.42932331313041e-05
            ],
            [
              0.0,
              0.0,
              0.45832706174761995
            ]
          ],
          "row_names": [
            "x_0",
            "x_0.5",
            "x_1"
          ],
          "col_names": [
            "x_0.5",
            "x_1",
            "x_star"
          ]
        },
        "Lipschitz Continuous Inequality": {
          "matrix": [
            [
              2.2242086235943948e-05,
              0.7044467775077049,
              1.246105685204061
            ],
            [
              0.0,
              0.7823932690285389,
              0.0
            ],
            [
              0.0,
              0.0,
              0.5247089211403584
            ]
          ],
          "row_names": [
            "x_0",
            "x_0.5",
            "x_1"
          ],
          "col_names": [
            "x_0.5",
            "x_1",
            "x_star"
          ]
        }
      }
    },
    {
      "N": 2,
      "opt_value": 1.000051522153896,
      "tau_sol": 1.000035293315879,
      "S_matrix": [
        [
          0.9982666564485914,
          -0.9982666564485901,
          0.0006591327019804112,
          0.00043917944355874317,
          0.0004401415771197887,
          -0.02588521204257881,
          -0.9732241198637589
        ],
        [
          -0.9982666564485901,
          0.9982666564485906,
          -0.00065913270198016,
          -0.00043917944355817943,
          -0.0004401415771194666,
          0.02588521204257881,
          0.9732241198637593
        ],
        [
          0.0006591327019804112,
          -0.00065913270198016,
          0.00022232522983462702,
          4.659762741447266e-07,
          -0.0004423557459679225,
          0.012940430936283331,
          -0.013157737642741658
        ],
        [
          0.00043917944355874317,
          -0.00043917944355817943,
          4.659762741447266e-07,
          1.9335308352592475e-07,
          -1.574562435201564e-07,
          -1.110497713578196e-06,
          -0.00043808879053786477
        ],
        [
          0.0004401415771197887,
          -0.0004401415771194666,
          -0.0004423557459679225,
          -1.574562435201564e-07,
          0.0008832252206095832,
          -0.025860255233851565,
          0.02453723754094834
        ],
        [
          -0.02588521204257881,
          0.02588521204257881,
          0.012940430936283331,
          -1.110497713578196e-06,
          -0.025860255233851565,
          0.7573405964978793,
          -0.7056001060813905
        ],
        [
          -0.9732241198637589,
          0.9732241198637593,
          -0.013157737642741658,
          -0.00043808879053786477,
          0.02453723754094834,
          -0.7056001060813905,
          1.65469431266884
        ]
      ],
      "S_row_names": [
        "x_0",
        "x_star",
        "A(x_0)",
        "A(x_0.5)",
        "A(x_1)",
        "A(x_1.5)",
        "A(x_2)"
      ],
      "S_col_names": [
        "x_0",
        "x_star",
        "A(x_0)",
        "A(x_0.5)",
        "A(x_1)",
        "A(x_1.5)",
        "A(x_2)"
      ],
      "basis_vectors": [
        "x_0",
        "x_star",
        "A(x_0)",
        "A(x_0.5)",
        "A(x_1)",
        "A(x_1.5)",
        "A(x_2)"
      ],
      "lambda_groups": {
        "Monotone Operator Inequality": {
          "matrix": [
            [
              0.0,
              0.0,
              0.0,
              0.0,
              0.0
            ],
            [
              0.0,
              0.0,
              0.0,
              1.9990699195746169,
              0.0
            ],
            [
              0.0,
              0.0,
              0.0,
              0.0,
              0.0
            ],
            [
              0.0,
              0.0,
              0.0,
              0.0,
              0.05176855089604323
            ],
            [
              0.0,
              0.0,
              0.0,
              0.0,
              1.9464463049517298
            ]
          ],
          "row_names": [
            "x_0",
            "x_0.5",
            "x_1",
            "x_1.5",
            "x_2"
          ],
          "col_names": [
            "x_0.5",
            "x_1",
            "x_1.5",
            "x_2",
            "x_star"
          ]
        },
        "Lipschitz Continuous Inequality": {
          "matrix": [
            [
              0.49954975035603666,
              0.0004382155531989549,
              0.0,
              0.0,
              0.0004478823068408977
            ],
            [
              0.0,
              0.00044639406816683613,
              0.0,
              0.00043694368053474365,
              0.0
            ],
            [
              0.0,
              0.0,
              0.05174355404628927,
              1.9482197821924006,
              0.0008792362782803293
            ],
            [
              0.0,
              0.0,
              0.0,
              0.7055982141566366,
              0.0
            ],
            [
              0.0,
              0.0,
              0.0,
              0.0,
              0.00044068151496350923
            ]
          ],
          "row_names": [
            "x_0",
            "x_0.5",
            "x_1",
            "x_1.5",
            "x_2"
          ],
          "col_names": [
            "x_0.5",
            "x_1",
            "x_1.5",
            "x_2",
            "x_star"
          ]
        }
      }
    },
    {
      "N": 3,
      "opt_value": 0.444473454804387,
      "tau_sol": 0.44445903404189596,
      "S_matrix": [
        [
          0.4444591471517066,
          -0.44445914715170676,
          -2.8868333970992333e-06,
          -1.138556014235605e-06,
          -1.9312800225198125e-06,
          -6.933372971113939e-07,
          1.2660443150464006e-07,
          -8.70189824341629e-05,
          -0.666566388704006
        ],
        [
          -0.44445914715170676,
          0.4444591471517064,
          2.8868333967844e-06,
          1.1385560143030693e-06,
          1.9312800224748367e-06,
          6.933372971563701e-07,
          -1.266044314146877e-07,
          8.701898243420788e-05,
          0.666566388704006
        ],
        [
          -2.8868333970992333e-06,
          2.8868333967844e-06,
          1.044983139429457e-06,
          2.824081169616928e-07,
          -1.5516811736396396e-06,
          1.4136986447243731e-06,
          1.2078338276483253e-06,
          2.954432561722553e-05,
          -2.710546781894293e-05
        ],
        [
          -1.138556014235605e-06,
          1.1385560143030693e-06,
          2.824081169616928e-07,
          7.632185193893032e-08,
          -4.1928150588928733e-07,
          3.820185159691938e-07,
          3.262932009978359e-07,
          8.459150346752712e-06,
          -7.262356670149102e-06
        ],
        [
          -1.9312800225198125e-06,
          1.9312800224748367e-06,
          -1.5516811736396396e-06,
          -4.1928150588928733e-07,
          2.312741013842693e-06,
          -2.10414087833031e-06,
          -1.8118900502537523e-06,
          2.7088028393036795e-05,
          -2.1362810079935596e-05
        ],
        [
          -6.933372971113939e-07,
          6.933372971563701e-07,
          1.4136986447243731e-06,
          3.820185159691938e-07,
          -2.10414087833031e-06,
          1.9153495236495683e-06,
          1.6445378269001047e-06,
          -6.536881484384767e-07,
          -8.764200030097812e-07
        ],
        [
          1.2660443150464006e-07,
          -1.266044314146877e-07,
          1.2078338276483253e-06,
          3.262932009978359e-07,
          -1.8118900502537523e-06,
          1.6445378269001047e-06,
          1.4352990553447578e-06,
          -0.00011750457782509008,
          0.00011508555027985936
        ],
        [
          -8.70189824341629e-05,
          8.701898243420788e-05,
          2.954432561722553e-05,
          8.459150346752712e-06,
          2.7088028393036795e-05,
          -6.536881484384767e-07,
          -0.00011750457782509008,
          0.5874036127557484,
          -0.5871594396447312
        ],
        [
          -0.666566388704006,
          0.666566388704006,
          -2.710546781894293e-05,
          -7.262356670149102e-06,
          -2.1362810079935596e-05,
          -8.764200030097812e-07,
          0.00011508555027985936,
          -0.5871594396447312,
          1.586845881523493
        ]
      ],
      "S_row_names": [
        "x_0",
        "x_star",
        "A(x_0)",
        "A(x_0.5)",
        "A(x_1)",
        "A(x_1.5)",
        "A(x_2)",
        "A(x_2.5)",
        "A(x_3)"
      ],
      "S_col_names": [
        "x_0",
        "x_star",
        "A(x_0)",
        "A(x_0.5)",
        "A(x_1)",
        "A(x_1.5)",
        "A(x_2)",
        "A(x_2.5)",
        "A(x_3)"
      ],
      "basis_vectors": [
        "x_0",
        "x_star",
        "A(x_0)",
        "A(x_0.5)",
        "A(x_1)",
        "A(x_1.5)",
        "A(x_2)",
        "A(x_2.5)",
        "A(x_3)"
      ],
      "lambda_groups": {
        "Monotone Operator Inequality": {
          "matrix": [
            [
              0.0,
              2.935052097797207e-17,
              -1.594323277124357e-16,
              0.0,
              0.0,
              0.0,
              0.0
            ],
            [
              0.0,
              0.0,
              1.8740491626316442e-17,
              0.0,
              3.150130658470418e-06,
              0.6666377727277557,
              0.0
            ],
            [
              0.0,
              0.0,
              0.0,
              1.360165930884738e-17,
              0.0,
              0.0,
              0.0
            ],
            [
              0.0,
              0.0,
              0.0,
              2.582166743737289e-17,
              6.988237979847901e-05,
              1.9998428856815125,
              1.6287252227112272e-17
            ],
            [
              0.0,
              0.0,
              0.0,
              0.0,
              0.0,
              0.0,
              4.904185020080283e-18
            ],
            [
              0.0,
              0.0,
              0.0,
              0.0,
              0.0,
              0.0,
              0.0001741690694399789
            ],
            [
              0.0,
              0.0,
              0.0,
              0.0,
              0.0,
              0.0,
              1.333130594701919
            ]
          ],
          "row_names": [
            "x_0",
            "x_0.5",
            "x_1",
            "x_1.5",
            "x_2",
            "x_2.5",
            "x_3"
          ],
          "col_names": [
            "x_0.5",
            "x_1",
            "x_1.5",
            "x_2",
            "x_2.5",
            "x_3",
            "x_star"
          ]
        },
        "Lipschitz Continuous Inequality": {
          "matrix": [
            [
              0.22221396293746945,
              1.5740479334414749e-06,
              0.0,
              0.0,
              0.0,
              -3.81010320672237e-17,
              0.0
            ],
            [
              0.0,
              0.0,
              0.0,
              0.0,
              0.0,
              0.0,
              0.0
            ],
            [
              0.0,
              0.0,
              0.4999816847147547,
              0.0,
              0.0,
              0.0,
              0.0
            ],
            [
              0.0,
              0.0,
              0.0,
              5.9361922206110065e-06,
              0.0,
              0.0,
              0.0
            ],
            [
              0.0,
              0.0,
              0.0,
              0.0,
              0.00024227993719636446,
              1.9996878839524779,
              0.0
            ],
            [
              0.0,
              0.0,
              0.0,
              0.0,
              0.0,
              0.5871588730440943,
              0.0
            ],
            [
              0.0,
              0.0,
              0.0,
              0.0,
              0.0,
              0.0,
              0.0
            ]
          ],
          "row_names": [
            "x_0",
            "x_0.5",
            "x_1",
            "x_1.5",
            "x_2",
            "x_2.5",
            "x_3"
          ],
          "col_names": [
            "x_0.5",
            "x_1",
            "x_1.5",
            "x_2",
            "x_2.5",
            "x_3",
            "x_star"
          ]
        }
      }
    },
    {
      "N": 4,
      "opt_value": 0.2500004040056194,
      "tau_sol": 0.2500003952284553,
      "S_matrix": [
        [
          0.25000032839403263,
          -0.2500003283940331,
          2.023264234610772e-08,
          -1.1867713583578403e-07,
          1.1067989526375698e-08,
          -5.070416794012909e-08,
          -9.881181720960701e-08,
          -3.8155389065283365e-08,
          -1.1030407442502701e-07,
          -1.0899012174201084e-06,
          -0.4999989227192344
        ],
        [
          -0.2500003283940331,
          0.25000032839403313,
          -2.0232642278288038e-08,
          1.1867713597142339e-07,
          -1.1067989662015053e-08,
          5.0704167855354496e-08,
          9.881181714178733e-08,
          3.8155388861824344e-08,
          1.1030407422156797e-07,
          1.08990121711492e-06,
          0.4999989227192345
        ],
        [
          2.023264234610772e-08,
          -2.0232642278288038e-08,
          7.23165449746059e-08,
          2.3120627826552815e-08,
          -9.605274023371523e-08,
          5.083682903348893e-08,
          4.737396313962199e-08,
          1.3001795986027466e-09,
          1.3621884581511214e-08,
          2.522179093190063e-07,
          -3.679686204904863e-07
        ],
        [
          -1.1867713583578403e-07,
          1.1867713597142339e-07,
          2.3120627826552815e-08,
          7.3920910932041895e-09,
          -3.070942442190392e-08,
          1.6253293322139743e-08,
          1.51460704015761e-08,
          4.1569807948823923e-10,
          4.354517717165562e-09,
          -5.883455198250269e-08,
          2.7211907796877267e-07
        ],
        [
          1.1067989526375698e-08,
          -1.1067989662015053e-08,
          -9.605274023371523e-08,
          -3.070942442190392e-08,
          1.2757980083055834e-07,
          -6.752282378704419e-08,
          -6.292343453997678e-08,
          -1.726942577006881e-09,
          -1.809336427395125e-08,
          -4.2109610726144105e-07,
          4.989565706983542e-07
        ],
        [
          -5.070416794012909e-08,
          5.0704167855354496e-08,
          5.083682903348893e-08,
          1.6253293322139743e-08,
          -6.752282378704419e-08,
          3.573711168307636e-08,
          3.330279831110773e-08,
          9.14004746806628e-10,
          9.575827428522937e-09,
          1.6305403681175108e-07,
          -1.1456971561746705e-07
        ],
        [
          -9.881181720960701e-08,
          9.881181714178733e-08,
          4.737396313962199e-08,
          1.51460704015761e-08,
          -6.292343453997678e-08,
          3.330279831110773e-08,
          3.103471583056219e-08,
          8.517769212595141e-10,
          8.925766554313617e-09,
          6.231484283440273e-07,
          -4.748452879535336e-07
        ],
        [
          -3.8155389065283365e-08,
          3.8155388861824344e-08,
          1.3001795986027466e-09,
          4.1569807948823923e-10,
          -1.726942577006881e-09,
          9.14004746806628e-10,
          8.517769212595141e-10,
          2.33833691258609e-11,
          2.450552110183642e-10,
          3.238024648783257e-08,
          4.2576790606818834e-08
        ],
        [
          -1.1030407442502701e-07,
          1.1030407422156797e-07,
          1.3621884581511214e-08,
          4.354517717165562e-09,
          -1.809336427395125e-08,
          9.575827428522937e-09,
          8.925766554313617e-09,
          2.450552110183642e-10,
          2.5779283633964807e-09,
          2.622494443534459e-06,
          -2.416075266512886e-06
        ],
        [
          -1.0899012174201084e-06,
          1.08990121711492e-06,
          2.522179093190063e-07,
          -5.883455198250269e-08,
          -4.2109610726144105e-07,
          1.6305403681175108e-07,
          6.231484283440273e-07,
          3.238024648783257e-08,
          2.622494443534459e-06,
          0.5528181686299519,
          -0.5528178724735081
        ],
        [
          -0.4999989227192344,
          0.4999989227192345,
          -3.679686204904863e-07,
          2.7211907796877267e-07,
          4.989565706983542e-07,
          -1.1456971561746705e-07,
          -4.748452879535336e-07,
          4.2576790606818834e-08,
          -2.416075266512886e-06,
          -0.5528178724735081,
          1.5528163916054578
        ]
      ],
      "S_row_names": [
        "x_0",
        "x_star",
        "A(x_0)",
        "A(x_0.5)",
        "A(x_1)",
        "A(x_1.5)",
        "A(x_2)",
        "A(x_2.5)",
        "A(x_3)",
        "A(x_3.5)",
        "A(x_4)"
      ],
      "S_col_names": [
        "x_0",
        "x_star",
        "A(x_0)",
        "A(x_0.5)",
        "A(x_1)",
        "A(x_1.5)",
        "A(x_2)",
        "A(x_2.5)",
        "A(x_3)",
        "A(x_3.5)",
        "A(x_4)"
      ],
      "basis_vectors": [
        "x_0",
        "x_star",
        "A(x_0)",
        "A(x_0.5)",
        "A(x_1)",
        "A(x_1.5)",
        "A(x_2)",
        "A(x_2.5)",
        "A(x_3)",
        "A(x_3.5)",
        "A(x_4)"
      ],
      "lambda_groups": {
        "Monotone Operator Inequality": {
          "matrix": [
            [
              9.660597248524243e-17,
              0.0,
              0.0,
              0.0,
              0.0,
              0.0,
              0.0,
              0.0,
              0.0
            ],
            [
              0.0,
              0.0,
              0.0,
              0.0,
              0.0,
              0.0,
              0.0,
              0.33333357995055074,
              3.5428181380161116e-07
            ],
            [
              0.0,
              0.0,
              0.0,
              0.0,
              0.0,
              0.0,
              0.0,
              0.0,
              0.0
            ],
            [
              0.0,
              0.0,
              0.0,
              0.0,
              0.0,
              0.0,
              2.1033320927708675e-06,
              0.6666640990722031,
              5.667546346188808e-08
            ],
            [
              0.0,
              0.0,
              0.0,
              0.0,
              0.0,
              0.0,
              0.0,
              0.0,
              5.8800463679174644e-08
            ],
            [
              0.0,
              0.0,
              0.0,
              0.0,
              0.0,
              0.0,
              1.7968093431967234e-06,
              1.9999972503245798,
              0.0
            ],
            [
              0.0,
              0.0,
              0.0,
              0.0,
              0.0,
              0.0,
              0.0,
              0.0,
              0.0
            ],
            [
              0.0,
              0.0,
              0.0,
              0.0,
              0.0,
              0.0,
              0.0,
              0.0,
              2.1365527944968484e-06
            ],
            [
              0.0,
              0.0,
              0.0,
              0.0,
              0.0,
              0.0,
              0.0,
              0.0,
              0.9999977705623911
            ]
          ],
          "row_names": [
            "x_0",
            "x_0.5",
            "x_1",
            "x_1.5",
            "x_2",
            "x_2.5",
            "x_3",
            "x_3.5",
            "x_4"
          ],
          "col_names": [
            "x_0.5",
            "x_1",
            "x_1.5",
            "x_2",
            "x_2.5",
            "x_3",
            "x_3.5",
            "x_4",
            "x_star"
          ]
        },
        "Lipschitz Continuous Inequality": {
          "matrix": [
            [
              0.1250001523154095,
              0.0,
              -1.4473959915326477e-17,
              0.0,
              0.0,
              0.0,
              0.0,
              0.0,
              0.0
            ],
            [
              0.0,
              0.0,
              0.0,
              1.399682417190053e-23,
              0.0,
              0.0,
              0.0,
              0.0,
              0.0
            ],
            [
              0.0,
              0.0,
              0.22222206416135812,
              2.9226953762329738e-08,
              0.0,
              0.0,
              0.0,
              0.0,
              0.0
            ],
            [
              0.0,
              0.0,
              0.0,
              7.836892642978032e-08,
              0.0,
              0.0,
              0.0,
              0.0,
              0.0
            ],
            [
              0.0,
              0.0,
              0.0,
              0.0,
              0.49999987142605595,
              0.0,
              0.0,
              -3.5369498994279994e-18,
              6.135460010559081e-18
            ],
            [
              0.0,
              0.0,
              0.0,
              0.0,
              0.0,
              0.0,
              -3.537980857060277e-18,
              0.0,
              0.0
            ],
            [
              0.0,
              0.0,
              0.0,
              0.0,
              0.0,
              0.0,
              3.307177029345475e-07,
              1.9999987133024997,
              0.0
            ],
            [
              0.0,
              0.0,
              0.0,
              0.0,
              0.0,
              0.0,
              0.0,
              0.5528178497886599,
              0.0
            ],
            [
              0.0,
              0.0,
              0.0,
              0.0,
              0.0,
              0.0,
              0.0,
              0.0,
              0.0
            ]
          ],
          "row_names": [
            "x_0",
            "x_0.5",
            "x_1",
            "x_1.5",
            "x_2",
            "x_2.5",
            "x_3",
            "x_3.5",
            "x_4"
          ],
          "col_names": [
            "x_0.5",
            "x_1",
            "x_1.5",
            "x_2",
            "x_2.5",
            "x_3",
            "x_3.5",
            "x_4",
            "x_star"
          ]
        }
      }
    },
    {
      "N": 5,
      "opt_value": 0.1600007238916455,
      "tau_sol": 0.16000061443693,
      "S_matrix": [
        [
          0.16000059458130153,
          -0.1600005945813016,
          -3.088377853253782e-08,
          -7.994383016905986e-08,
          -1.0608063769684276e-07,
          -5.770540099808099e-08,
          -1.284942792062613e-07,
          -2.6312678903271454e-08,
          -8.188098889384528e-08,
          -3.444975769314826e-09,
          -1.209936774280969e-07,
          -1.137294551868214e-06,
          -0.3999988152567874
        ],
        [
          -0.1600005945813016,
          0.16000059458130206,
          3.088377773694121e-08,
          7.994383007726025e-08,
          1.0608063711544523e-07,
          5.770540086038157e-08,
          1.28494278808463e-07,
          2.6312678842071715e-08,
          8.188098864904633e-08,
          3.4449755245158665e-09,
          1.209936772138978e-07,
          1.1372945515928152e-06,
          0.3999988152567871
        ],
        [
          -3.088377853253782e-08,
          3.088377773694121e-08,
          1.0420560059251897e-13,
          7.833566704753444e-14,
          8.653643219157319e-14,
          7.787666899842779e-14,
          5.997574508326855e-14,
          1.2454147065760358e-13,
          3.735020124930489e-13,
          4.528780751185584e-15,
          -1.3221897802566077e-12,
          2.277517545377984e-07,
          -1.5054157567616728e-07
        ],
        [
          -7.994383016905986e-08,
          7.994383007726025e-08,
          7.833566704753444e-14,
          8.016647636945241e-14,
          9.518089544974838e-14,
          7.13588967011134e-14,
          8.659763193145409e-14,
          8.933249530738119e-14,
          2.6917558091485063e-13,
          4.249556937979041e-15,
          -7.98137363902514e-13,
          1.4532432540267965e-07,
          5.4535140242936596e-08
        ],
        [
          -1.0608063769684276e-07,
          1.0608063711544523e-07,
          8.653643219157319e-14,
          9.518089544974838e-14,
          1.1493773885952258e-13,
          8.298684727848178e-14,
          1.0893553698797756e-13,
          9.742998589037096e-14,
          2.9391175077795636e-13,
          4.9571789303517886e-15,
          -8.205661123229232e-13,
          1.5248489514161755e-07,
          1.1271637105458369e-07
        ],
        [
          -5.770540099808099e-08,
          5.770540086038157e-08,
          7.787666899842779e-14,
          7.13588967011134e-14,
          8.298684727848178e-14,
          6.579925901201209e-14,
          7.007370216361479e-14,
          9.019311664945616e-14,
          2.71443796274186e-13,
          3.924433319861833e-15,
          -8.663358677863409e-13,
          1.5402668465900272e-07,
          -9.763039468956734e-09
        ],
        [
          -1.284942792062613e-07,
          1.28494278808463e-07,
          5.997574508326855e-14,
          8.659763193145409e-14,
          1.0893553698797756e-13,
          7.007370216361479e-14,
          1.15933058134285e-13,
          6.369362928103239e-14,
          1.932993784137793e-13,
          4.222782051781153e-15,
          -3.8251367419050946e-13,
          8.119400571815074e-08,
          2.400408272085794e-07
        ],
        [
          -2.6312678903271454e-08,
          2.6312678842071715e-08,
          1.2454147065760358e-13,
          8.933249530738119e-14,
          9.742998589037096e-14,
          9.019311664945616e-14,
          6.369362928103239e-14,
          1.490815174589817e-13,
          4.4703349995993386e-13,
          5.400877044488214e-15,
          -1.611121402201757e-12,
          2.760696225085962e-07,
          -2.1028693010822227e-07
        ],
        [
          -8.188098889384528e-08,
          8.188098864904633e-08,
          3.735020124930489e-13,
          2.6917558091485063e-13,
          2.9391175077795636e-13,
          2.71443796274186e-13,
          1.932993784137793e-13,
          4.4703349995993386e-13,
          1.3403921398474595e-12,
          1.629443074328597e-14,
          -4.821988704954911e-12,
          8.266710479284298e-07,
          -6.219656254150064e-07
        ],
        [
          -3.444975769314826e-09,
          3.4449755245158665e-09,
          4.528780751185584e-15,
          4.249556937979041e-15,
          4.9571789303517886e-15,
          3.924433319861833e-15,
          4.222782051781153e-15,
          5.400877044488214e-15,
          1.629443074328597e-14,
          2.8128588199807865e-16,
          -5.208097863863422e-14,
          9.259871425587157e-09,
          -6.474230671380684e-10
        ],
        [
          -1.209936774280969e-07,
          1.209936772138978e-07,
          -1.3221897802566077e-12,
          -7.98137363902514e-13,
          -8.205661123229232e-13,
          -8.663358677863409e-13,
          -3.8251367419050946e-13,
          -1.611121402201757e-12,
          -4.821988704954911e-12,
          -5.208097863863422e-14,
          1.846126845779574e-11,
          -3.1093430544636507e-06,
          3.4118120383991392e-06
        ],
        [
          -1.137294551868214e-06,
          1.1372945515928152e-06,
          2.277517545377984e-07,
          1.4532432540267965e-07,
          1.5248489514161755e-07,
          1.5402668465900272e-07,
          8.119400571815074e-08,
          2.760696225085962e-07,
          8.266710479284298e-07,
          9.259871425587157e-09,
          -3.1093430544636507e-06,
          0.5263018543100394,
          -0.5262966329581092
        ],
        [
          -0.3999988152567874,
          0.3999988152567871,
          -1.5054157567616728e-07,
          5.4535140242936596e-08,
          1.1271637105458369e-07,
          -9.763039468956734e-09,
          2.400408272085794e-07,
          -2.1028693010822227e-07,
          -6.219656254150064e-07,
          -6.474230671380684e-10,
          3.4118120383991392e-06,
          -0.5262966329581092,
          1.5262874582551924
        ]
      ],
      "S_row_names": [
        "x_0",
        "x_star",
        "A(x_0)",
        "A(x_0.5)",
        "A(x_1)",
        "A(x_1.5)",
        "A(x_2)",
        "A(x_2.5)",
        "A(x_3)",
        "A(x_3.5)",
        "A(x_4)",
        "A(x_4.5)",
        "A(x_5)"
      ],
      "S_col_names": [
        "x_0",
        "x_star",
        "A(x_0)",
        "A(x_0.5)",
        "A(x_1)",
        "A(x_1.5)",
        "A(x_2)",
        "A(x_2.5)",
        "A(x_3)",
        "A(x_3.5)",
        "A(x_4)",
        "A(x_4.5)",
        "A(x_5)"
      ],
      "basis_vectors": [
        "x_0",
        "x_star",
        "A(x_0)",
        "A(x_0.5)",
        "A(x_1)",
        "A(x_1.5)",
        "A(x_2)",
        "A(x_2.5)",
        "A(x_3)",
        "A(x_3.5)",
        "A(x_4)",
        "A(x_4.5)",
        "A(x_5)"
      ],
      "lambda_groups": {
        "Monotone Operator Inequality": {
          "matrix": [
            [
              0.0,
              0.0,
              0.0,
              0.0,
              0.0,
              0.0,
              0.0,
              0.0,
              0.0,
              0.0,
              0.0
            ],
            [
              0.0,
              0.0,
              0.0,
              0.0,
              -2.9069722744249757e-18,
              0.0,
              0.0,
              0.0,
              0.0,
              0.19999962487415882,
              0.0
            ],
            [
              0.0,
              0.0,
              0.0,
              0.0,
              0.0,
              0.0,
              0.0,
              0.0,
              0.0,
              0.0,
              0.0
            ],
            [
              0.0,
              0.0,
              0.0,
              0.0,
              0.0,
              0.0,
              0.0,
              0.0,
              3.968090212508633e-07,
              0.33333198432330513,
              0.0
            ],
            [
              0.0,
              0.0,
              0.0,
              0.0,
              0.0,
              0.0,
              0.0,
              4.027534072950683e-17,
              0.0,
              0.0,
              0.0
            ],
            [
              0.0,
              0.0,
              0.0,
              0.0,
              0.0,
              0.0,
              0.0,
              0.0,
              1.2270723020011024e-06,
              0.6666638525202652,
              0.0
            ],
            [
              0.0,
              0.0,
              0.0,
              0.0,
              0.0,
              0.0,
              0.0,
              0.0,
              0.0,
              0.0,
              0.0
            ],
            [
              0.0,
              0.0,
              0.0,
              0.0,
              0.0,
              0.0,
              0.0,
              8.706545628246657e-18,
              6.406367273254904e-07,
              1.9999954631388361,
              0.0
            ],
            [
              0.0,
              0.0,
              0.0,
              0.0,
              0.0,
              0.0,
              0.0,
              0.0,
              0.0,
              0.0,
              0.0
            ],
            [
              0.0,
              0.0,
              0.0,
              0.0,
              0.0,
              0.0,
              0.0,
              0.0,
              0.0,
              0.0,
              2.227923470196572e-06
            ],
            [
              0.0,
              0.0,
              0.0,
              0.0,
              0.0,
              0.0,
              0.0,
              0.0,
              0.0,
              0.0,
              0.7999975719682115
            ]
          ],
          "row_names": [
            "x_0",
            "x_0.5",
            "x_1",
            "x_1.5",
            "x_2",
            "x_2.5",
            "x_3",
            "x_3.5",
            "x_4",
            "x_4.5",
            "x_5"
          ],
          "col_names": [
            "x_0.5",
            "x_1",
            "x_1.5",
            "x_2",
            "x_2.5",
            "x_3",
            "x_3.5",
            "x_4",
            "x_4.5",
            "x_5",
            "x_star"
          ]
        },
        "Lipschitz Continuous Inequality": {
          "matrix": [
            [
              0.07999975568715303,
              0.0,
              0.0,
              0.0,
              0.0,
              0.0,
              0.0,
              0.0,
              0.0,
              0.0,
              0.0
            ],
            [
              0.0,
              0.0,
              0.0,
              0.0,
              0.0,
              0.0,
              0.0,
              0.0,
              0.0,
              0.0,
              2.1697936427081132e-20
            ],
            [
              0.0,
              0.0,
              0.12499938256470093,
              0.0,
              0.0,
              0.0,
              0.0,
              0.0,
              0.0,
              -2.4496380989669756e-17,
              0.0
            ],
            [
              0.0,
              0.0,
              0.0,
              0.0,
              0.0,
              0.0,
              0.0,
              0.0,
              0.0,
              0.0,
              0.0
            ],
            [
              0.0,
              0.0,
              0.0,
              0.0,
              0.2222215784114545,
              0.0,
              0.0,
              0.0,
              0.0,
              0.0,
              0.0
            ],
            [
              0.0,
              0.0,
              0.0,
              0.0,
              0.0,
              0.0,
              0.0,
              0.0,
              0.0,
              0.0,
              0.0
            ],
            [
              0.0,
              0.0,
              0.0,
              0.0,
              0.0,
              0.0,
              0.49999903998283884,
              0.0,
              0.0,
              0.0,
              0.0
            ],
            [
              0.0,
              0.0,
              0.0,
              0.0,
              0.0,
              0.0,
              0.0,
              0.0,
              0.0,
              0.0,
              0.0
            ],
            [
              0.0,
              0.0,
              0.0,
              0.0,
              0.0,
              0.0,
              0.0,
              0.0,
              5.312961941450143e-06,
              1.9999907826854273,
              0.0
            ],
            [
              0.0,
              0.0,
              0.0,
              0.0,
              0.0,
              0.0,
              0.0,
              0.0,
              0.0,
              0.5262966137564643,
              0.0
            ],
            [
              0.0,
              0.0,
              0.0,
              0.0,
              0.0,
              0.0,
              0.0,
              0.0,
              0.0,
              0.0,
              0.0
            ]
          ],
          "row_names": [
            "x_0",
            "x_0.5",
            "x_1",
            "x_1.5",
            "x_2",
            "x_2.5",
            "x_3",
            "x_3.5",
            "x_4",
            "x_4.5",
            "x_5"
          ],
          "col_names": [
            "x_0.5",
            "x_1",
            "x_1.5",
            "x_2",
            "x_2.5",
            "x_3",
            "x_3.5",
            "x_4",
            "x_4.5",
            "x_5",
            "x_star"
          ]
        }
      }
    },
    {
      "N": 6,
      "opt_value": 0.11111808631311242,
      "tau_sol": 0.11111376000571482,
      "S_matrix": [
        [
          0.11111193130045101,
          -0.11111193130045094,
          9.673554742829076e-08,
          4.586361441210791e-08,
          3.457950335458815e-07,
          -4.5101459255648995e-08,
          1.7465444891157165e-07,
          1.1986577896421976e-07,
          1.6233440370903845e-07,
          -2.0657574131968417e-08,
          1.9446845728184218e-08,
          -7.804053063720122e-09,
          6.387175492743938e-07,
          -2.964226849259993e-05,
          -0.33329351019925185
        ],
        [
          -0.11111193130045094,
          0.11111193130045045,
          -9.673554686400994e-08,
          -4.58636143345193e-08,
          -3.457950328687445e-07,
          4.5101459382612186e-08,
          -1.7465444868585931e-07,
          -1.1986577890779166e-07,
          -1.6233440362439633e-07,
          2.0657574146075436e-08,
          -1.944684558711401e-08,
          7.80405317657629e-09,
          -6.387175491333236e-07,
          2.964226849262815e-05,
          0.3332935101992519
        ],
        [
          9.673554742829076e-08,
          -9.673554686400994e-08,
          8.636508032729591e-09,
          -3.2818153376660756e-09,
          5.149830489451274e-09,
