{
  "N": 5,
  "opt_value": 0.1600007238916455,
  "tau_sol": 0.16000061443693,
  "S_matrix": [
    [
      0.16000059458130153,
      -0.1600005945813016,
      -3.088377853253782e-08,
      -7.994383016905986e-08,
      -1.0608063769684276e-07,
      -5.770540099808099e-08,
      -1.284942792062613e-07,
      -2.6312678903271454e-08,
      -8.188098889384528e-08,
      -3.444975769314826e-09,
      -1.209936774280969e-07,
      -1.137294551868214e-06,
      -0.3999988152567874
    ],
    [
      -0.1600005945813016,
      0.16000059458130206,
      3.088377773694121e-08,
      7.994383007726025e-08,
      1.0608063711544523e-07,
      5.770540086038157e-08,
      1.28494278808463e-07,
      2.6312678842071715e-08,
      8.188098864904633e-08,
      3.4449755245158665e-09,
      1.209936772138978e-07,
      1.1372945515928152e-06,
      0.3999988152567871
    ],
    [
      -3.088377853253782e-08,
      3.088377773694121e-08,
      1.0420560059251897e-13,
      7.833566704753444e-14,
      8.653643219157319e-14,
      7.787666899842779e-14,
      5.997574508326855e-14,
      1.2454147065760358e-13,
      3.735020124930489e-13,
      4.528780751185584e-15,
      -1.3221897802566077e-12,
      2.277517545377984e-07,
      -1.5054157567616728e-07
    ],
    [
      -7.994383016905986e-08,
      7.994383007726025e-08,
      7.833566704753444e-14,
      8.016647636945241e-14,
      9.518089544974838e-14,
      7.13588967011134e-14,
      8.659763193145409e-14,
      8.933249530738119e-14,
      2.6917558091485063e-13,
      4.249556937979041e-15,
      -7.98137363902514e-13,
      1.4532432540267965e-07,
      5.4535140242936596e-08
    ],
    [
      -1.0608063769684276e-07,
      1.0608063711544523e-07,
      8.653643219157319e-14,
      9.518089544974838e-14,
      1.1493773885952258e-13,
      8.298684727848178e-14,
      1.0893553698797756e-13,
      9.742998589037096e-14,
      2.9391175077795636e-13,
      4.9571789303517886e-15,
      -8.205661123229232e-13,
      1.5248489514161755e-07,
      1.1271637105458369e-07
    ],
    [
      -5.770540099808099e-08,
      5.770540086038157e-08,
      7.787666899842779e-14,
      7.13588967011134e-14,
      8.298684727848178e-14,
      6.579925901201209e-14,
      7.007370216361479e-14,
      9.019311664945616e-14,
      2.71443796274186e-13,
      3.924433319861833e-15,
      -8.663358677863409e-13,
      1.5402668465900272e-07,
      -9.763039468956734e-09
    ],
    [
      -1.284942792062613e-07,
      1.28494278808463e-07,
      5.997574508326855e-14,
      8.659763193145409e-14,
      1.0893553698797756e-13,
      7.007370216361479e-14,
      1.15933058134285e-13,
      6.369362928103239e-14,
      1.932993784137793e-13,
      4.222782051781153e-15,
      -3.8251367419050946e-13,
      8.119400571815074e-08,
      2.400408272085794e-07
    ],
    [
      -2.6312678903271454e-08,
      2.6312678842071715e-08,
      1.2454147065760358e-13,
      8.933249530738119e-14,
      9.742998589037096e-14,
      9.019311664945616e-14,
      6.369362928103239e-14,
      1.490815174589817e-13,
      4.4703349995993386e-13,
      5.400877044488214e-15,
      -1.611121402201757e-12,
      2.760696225085962e-07,
      -2.1028693010822227e-07
    ],
    [
      -8.188098889384528e-08,
      8.188098864904633e-08,
      3.735020124930489e-13,
      2.6917558091485063e-13,
      2.9391175077795636e-13,
      2.71443796274186e-13,
      1.932993784137793e-13,
      4.4703349995993386e-13,
      1.3403921398474595e-12,
      1.629443074328597e-14,
      -4.821988704954911e-12,
      8.266710479284298e-07,
      -6.219656254150064e-07
    ],
    [
      -3.444975769314826e-09,
      3.4449755245158665e-09,
      4.528780751185584e-15,
      4.249556937979041e-15,
      4.9571789303517886e-15,
      3.924433319861833e-15,
      4.222782051781153e-15,
      5.400877044488214e-15,
      1.629443074328597e-14,
      2.8128588199807865e-16,
      -5.208097863863422e-14,
      9.259871425587157e-09,
      -6.474230671380684e-10
    ],
    [
      -1.209936774280969e-07,
      1.209936772138978e-07,
      -1.3221897802566077e-12,
      -7.98137363902514e-13,
      -8.205661123229232e-13,
      -8.663358677863409e-13,
      -3.8251367419050946e-13,
      -1.611121402201757e-12,
      -4.821988704954911e-12,
      -5.208097863863422e-14,
      1.846126845779574e-11,
      -3.1093430544636507e-06,
      3.4118120383991392e-06
    ],
    [
      -1.137294551868214e-06,
      1.1372945515928152e-06,
      2.277517545377984e-07,
      1.4532432540267965e-07,
      1.5248489514161755e-07,
      1.5402668465900272e-07,
      8.119400571815074e-08,
      2.760696225085962e-07,
      8.266710479284298e-07,
      9.259871425587157e-09,
      -3.1093430544636507e-06,
      0.5263018543100394,
      -0.5262966329581092
    ],
    [
      -0.3999988152567874,
      0.3999988152567871,
      -1.5054157567616728e-07,
      5.4535140242936596e-08,
      1.1271637105458369e-07,
      -9.763039468956734e-09,
      2.400408272085794e-07,
      -2.1028693010822227e-07,
      -6.219656254150064e-07,
      -6.474230671380684e-10,
      3.4118120383991392e-06,
      -0.5262966329581092,
      1.5262874582551924
    ]
  ],
  "S_row_names": [
    "x_0",
    "x_star",
    "A(x_0)",
    "A(x_0.5)",
    "A(x_1)",
    "A(x_1.5)",
    "A(x_2)",
    "A(x_2.5)",
    "A(x_3)",
    "A(x_3.5)",
    "A(x_4)",
    "A(x_4.5)",
    "A(x_5)"
  ],
  "S_col_names": [
    "x_0",
    "x_star",
    "A(x_0)",
    "A(x_0.5)",
    "A(x_1)",
    "A(x_1.5)",
    "A(x_2)",
    "A(x_2.5)",
    "A(x_3)",
    "A(x_3.5)",
    "A(x_4)",
    "A(x_4.5)",
    "A(x_5)"
  ],
  "basis_vectors": [
    "x_0",
    "x_star",
    "A(x_0)",
    "A(x_0.5)",
    "A(x_1)",
    "A(x_1.5)",
    "A(x_2)",
    "A(x_2.5)",
    "A(x_3)",
    "A(x_3.5)",
    "A(x_4)",
    "A(x_4.5)",
    "A(x_5)"
  ],
  "lambda_groups": {
    "Monotone Operator Inequality": {
      "matrix": [
        [
          0.0,
          0.0,
          0.0,
          0.0,
          0.0,
          0.0,
          0.0,
          0.0,
          0.0,
          0.0,
          0.0
        ],
        [
          0.0,
          0.0,
          0.0,
          0.0,
          -2.9069722744249757e-18,
          0.0,
          0.0,
          0.0,
          0.0,
          0.19999962487415882,
          0.0
        ],
        [
          0.0,
          0.0,
          0.0,
          0.0,
          0.0,
          0.0,
          0.0,
          0.0,
          0.0,
          0.0,
          0.0
        ],
        [
          0.0,
          0.0,
          0.0,
          0.0,
          0.0,
          0.0,
          0.0,
          0.0,
          3.968090212508633e-07,
          0.33333198432330513,
          0.0
        ],
        [
          0.0,
          0.0,
          0.0,
          0.0,
          0.0,
          0.0,
          0.0,
          4.027534072950683e-17,
          0.0,
          0.0,
          0.0
        ],
        [
          0.0,
          0.0,
          0.0,
          0.0,
          0.0,
          0.0,
          0.0,
          0.0,
          1.2270723020011024e-06,
          0.6666638525202652,
          0.0
        ],
        [
          0.0,
          0.0,
          0.0,
          0.0,
          0.0,
          0.0,
          0.0,
          0.0,
          0.0,
          0.0,
          0.0
        ],
        [
          0.0,
          0.0,
          0.0,
          0.0,
          0.0,
          0.0,
          0.0,
          8.706545628246657e-18,
          6.406367273254904e-07,
          1.9999954631388361,
          0.0
        ],
        [
          0.0,
          0.0,
          0.0,
          0.0,
          0.0,
          0.0,
          0.0,
          0.0,
          0.0,
          0.0,
          0.0
        ],
        [
          0.0,
          0.0,
          0.0,
          0.0,
          0.0,
          0.0,
          0.0,
          0.0,
          0.0,
          0.0,
          2.227923470196572e-06
        ],
        [
          0.0,
          0.0,
          0.0,
          0.0,
          0.0,
          0.0,
          0.0,
          0.0,
          0.0,
          0.0,
          0.7999975719682115
        ]
      ],
      "row_names": [
        "x_0",
        "x_0.5",
        "x_1",
        "x_1.5",
        "x_2",
        "x_2.5",
        "x_3",
        "x_3.5",
        "x_4",
        "x_4.5",
        "x_5"
      ],
      "col_names": [
        "x_0.5",
        "x_1",
        "x_1.5",
        "x_2",
        "x_2.5",
        "x_3",
        "x_3.5",
        "x_4",
        "x_4.5",
        "x_5",
        "x_star"
      ]
    },
    "Lipschitz Continuous Inequality": {
      "matrix": [
        [
          0.07999975568715303,
          0.0,
          0.0,
          0.0,
          0.0,
          0.0,
          0.0,
          0.0,
          0.0,
          0.0,
          0.0
        ],
        [
          0.0,
          0.0,
          0.0,
          0.0,
          0.0,
          0.0,
          0.0,
          0.0,
          0.0,
          0.0,
          2.1697936427081132e-20
        ],
        [
          0.0,
          0.0,
          0.12499938256470093,
          0.0,
          0.0,
          0.0,
          0.0,
          0.0,
          0.0,
          -2.4496380989669756e-17,
          0.0
        ],
        [
          0.0,
          0.0,
          0.0,
          0.0,
          0.0,
          0.0,
          0.0,
          0.0,
          0.0,
          0.0,
          0.0
        ],
        [
          0.0,
          0.0,
          0.0,
          0.0,
          0.2222215784114545,
          0.0,
          0.0,
          0.0,
          0.0,
          0.0,
          0.0
        ],
        [
          0.0,
          0.0,
          0.0,
          0.0,
          0.0,
          0.0,
          0.0,
          0.0,
          0.0,
          0.0,
          0.0
        ],
        [
          0.0,
          0.0,
          0.0,
          0.0,
          0.0,
          0.0,
          0.49999903998283884,
          0.0,
          0.0,
          0.0,
          0.0
        ],
        [
          0.0,
          0.0,
          0.0,
          0.0,
          0.0,
          0.0,
          0.0,
          0.0,
          0.0,
          0.0,
          0.0
        ],
        [
          0.0,
          0.0,
          0.0,
          0.0,
          0.0,
          0.0,
          0.0,
          0.0,
          5.312961941450143e-06,
          1.9999907826854273,
          0.0
        ],
        [
          0.0,
          0.0,
          0.0,
          0.0,
          0.0,
          0.0,
          0.0,
          0.0,
          0.0,
          0.5262966137564643,
          0.0
        ],
        [
          0.0,
          0.0,
          0.0,
          0.0,
          0.0,
          0.0,
          0.0,
          0.0,
          0.0,
          0.0,
          0.0
        ]
      ],
      "row_names": [
        "x_0",
        "x_0.5",
        "x_1",
        "x_1.5",
        "x_2",
        "x_2.5",
        "x_3",
        "x_3.5",
        "x_4",
        "x_4.5",
        "x_5"
      ],
      "col_names": [
        "x_0.5",
        "x_1",
        "x_1.5",
        "x_2",
        "x_2.5",
        "x_3",
        "x_3.5",
        "x_4",
        "x_4.5",
        "x_5",
        "x_star"
      ]
    }
  }
}