{
  "algo_name": "bppm",
  "problem_type": "composite_convex_minimization",
  "obj_tag": "f",
  "params_json": "{\"alpha\": 1, \"R\": 1}",
  "performance_metric": "f(x_N) - f(x_star)",
  "initial_condition": "D_h(x_star, x_0) <= R",
  "conjectured_rate": "R / (alpha * N)",
  "setup_file": "examples_peppy/bppm/bppm_setup.py",
  "sweep_results": [
    {
      "N": 1,
      "opt_value": 0.999999433171909,
      "tau_sol": 1.0000000764696,
      "S_matrix": [
        [
          0.0,
          7.732054274266725e-17,
          -7.409885346172277e-17,
          -1.2886757123777873e-16,
          1.429624618419108e-17,
          5.436600661593791e-18
        ],
        [
          7.732054274266725e-17,
          1.4579701359563816e-16,
          2.06188113980446e-16,
          -4.510364993322256e-16,
          2.3196162822800175e-16,
          -2.577351424755575e-17
        ],
        [
          -7.409885346172277e-17,
          2.06188113980446e-16,
          -7.289850679781907e-16,
          4.639232564560035e-16,
          -1.2886757123777873e-16,
          -2.577351424755575e-17
        ],
        [
          -1.2886757123777873e-16,
          -4.510364993322256e-16,
          4.639232564560035e-16,
          2.915940271912763e-16,
          2.06188113980446e-16,
          -1.03094056990223e-16
        ],
        [
          1.429624618419108e-17,
          2.3196162822800175e-16,
          -1.2886757123777873e-16,
          2.06188113980446e-16,
          -1.4579701359563816e-16,
          0.0
        ],
        [
          5.436600661593791e-18,
          -2.577351424755575e-17,
          -2.577351424755575e-17,
          -1.03094056990223e-16,
          0.0,
          1.0934776019672862e-16
        ]
      ],
      "S_row_names": [
        "x_0",
        "x_star",
        "x_1",
        "grad_f(x_1)",
        "grad_h(x_0)",
        "grad_h(x_star)"
      ],
      "S_col_names": [
        "x_0",
        "x_star",
        "x_1",
        "grad_f(x_1)",
        "grad_h(x_0)",
        "grad_h(x_star)"
      ],
      "basis_vectors": [
        "x_0",
        "x_star",
        "x_1",
        "grad_f(x_1)",
        "grad_h(x_0)",
        "grad_h(x_star)"
      ],
      "lambda_matrix": [
        [
          0.0,
          0.0
        ],
        [
          1.0000000169798813,
          0.0
        ]
      ],
      "lambda_row_names": [
        "x_1",
        "x_star"
      ],
      "lambda_col_names": [
        "x_1",
        "x_star"
      ]
    },
    {
      "N": 2,
      "opt_value": 0.49999429001860696,
      "tau_sol": 0.5000021768825548,
      "S_matrix": [
        [
          1.0674865184078653e-16,
          -5.661202169935649e-17,
          6.191939873367116e-17,
          -3.774134779957099e-17,
          -3.3023679324624614e-17,
          -1.1794171187365934e-16,
          -7.548269559914198e-17,
          5.1894353224410115e-17
        ],
        [
          -5.661202169935649e-17,
          -2.1349730368157306e-16,
          -3.113661193464606e-16,
          -4.3402549969506636e-16,
          -1.8870673899785495e-17,
          3.774134779957099e-16,
          4.623315105447446e-16,
          -2.830601084967824e-17
        ],
        [
          6.191939873367116e-17,
          -3.113661193464606e-16,
          -6.404919110447192e-16,
          1.5096539119828396e-16,
          -1.3209471729849845e-16,
          1.8870673899785495e-16,
          -3.526457185022414e-16,
          1.0378870644882023e-16
        ],
        [
          -3.774134779957099e-17,
          -4.3402549969506636e-16,
          1.5096539119828396e-16,
          -1.0674865184078653e-16,
          1.0378870644882023e-16,
          3.774134779957099e-16,
          -9.435336949892748e-17,
          -7.548269559914198e-17
        ],
        [
          -3.3023679324624614e-17,
          -1.8870673899785495e-17,
          -1.3209471729849845e-16,
          1.0378870644882023e-16,
          -1.0674865184078653e-16,
          2.830601084967824e-17,
          -7.548269559914198e-17,
          1.3209471729849845e-16
        ],
        [
          -1.1794171187365934e-16,
          3.774134779957099e-16,
          1.8870673899785495e-16,
          3.774134779957099e-16,
          2.830601084967824e-17,
          -1.0674865184078653e-16,
          8.255919831156153e-18,
          -9.435336949892748e-18
        ],
        [
          -7.548269559914198e-17,
          4.623315105447446e-16,
          -3.526457185022414e-16,
          -9.435336949892748e-17,
          -7.548269559914198e-17,
          8.255919831156153e-18,
          5.337432592039326e-16,
          1.8870673899785495e-17
        ],
        [
          5.1894353224410115e-17,
          -2.830601084967824e-17,
          1.0378870644882023e-16,
          -7.548269559914198e-17,
          1.3209471729849845e-16,
          -9.435336949892748e-18,
          1.8870673899785495e-17,
          -5.3374325920393264e-17
        ]
      ],
      "S_row_names": [
        "x_0",
        "x_star",
        "x_1",
        "grad_f(x_1)",
        "grad_h(x_0)",
        "x_2",
        "grad_f(x_2)",
        "grad_h(x_star)"
      ],
      "S_col_names": [
        "x_0",
        "x_star",
        "x_1",
        "grad_f(x_1)",
        "grad_h(x_0)",
        "x_2",
        "grad_f(x_2)",
        "grad_h(x_star)"
      ],
      "basis_vectors": [
        "x_0",
        "x_star",
        "x_1",
        "grad_f(x_1)",
        "grad_h(x_0)",
        "x_2",
        "grad_f(x_2)",
        "grad_h(x_star)"
      ],
      "lambda_matrix": [
        [
          0.0,
          0.49999554406087066,
          0.0
        ],
        [
          0.0,
          0.0,
          0.0
        ],
        [
          0.4999991780687363,
          0.5000027392489355,
          0.0
        ]
      ],
      "lambda_row_names": [
        "x_1",
        "x_2",
        "x_star"
      ],
      "lambda_col_names": [
        "x_1",
        "x_2",
        "x_star"
      ]
    },
    {
      "N": 3,
      "opt_value": 0.33332395148468097,
      "tau_sol": 0.33332613099417546,
      "S_matrix": [
        [
          -8.639500861464067e-17,
          -1.7454427557737888e-17,
          5.236328267321366e-17,
          6.981771023095155e-17,
          3.4908855115475776e-17,
          -3.05452482260413e-17,
          1.7454427557737888e-17,
          6.981771023095155e-17,
          -8.727213778868944e-18,
          -5.236328267321366e-17
        ],
        [
          -1.7454427557737888e-17,
          -2.468428817561162e-16,
          -4.62542330280054e-16,
          -2.9672526848154403e-16,
          -6.10904964520826e-17,
          2.9672526848154403e-16,
          6.10904964520826e-17,
          1.396354204619031e-16,
          -1.3090820668303415e-17,
          2.3999837891889593e-17
        ],
        [
          5.236328267321366e-17,
          -4.62542330280054e-16,
          -7.405286452683487e-16,
          8.727213778868944e-18,
          -1.221809929041652e-16,
          -9.927205673463423e-17,
          -1.9199870313511675e-16,
          3.4908855115475775e-16,
          1.2981730496067553e-16,
          8.727213778868944e-17
        ],
        [
          6.981771023095155e-17,
          -2.9672526848154403e-16,
          8.727213778868944e-18,
          -1.4810572905366972e-16,
          -4.363606889434472e-17,
          6.981771023095155e-17,
          1.0472656534642732e-16,
          -2.530891995871994e-16,
          2.1818034447172358e-16,
          -1.7454427557737888e-17
        ],
        [
          3.4908855115475776e-17,
          -6.10904964520826e-17,
          -1.221809929041652e-16,
          -4.363606889434472e-17,
          0.0,
          6.10904964520826e-17,
          -5.236328267321366e-17,
          0.0,
          1.5708984801964098e-16,
          0.0
        ],
        [
          -3.05452482260413e-17,
          2.9672526848154403e-16,
          -9.927205673463423e-17,
          6.981771023095155e-17,
          6.10904964520826e-17,
          9.873715270244648e-17,
          -2.443619858083304e-16,
          4.53815116501185e-16,
          1.9854411346926846e-16,
          -4.363606889434472e-17
        ],
        [
          1.7454427557737888e-17,
          6.10904964520826e-17,
          -1.9199870313511675e-16,
          1.0472656534642732e-16,
          -5.236328267321366e-17,
          -2.443619858083304e-16,
          -3.9494861080978593e-16,
          4.887239716166608e-16,
          6.981771023095155e-17,
          6.10904964520826e-17
        ],
        [
          6.981771023095155e-17,
          1.396354204619031e-16,
          3.4908855115475775e-16,
          -2.530891995871994e-16,
          0.0,
          4.53815116501185e-16,
          4.887239716166608e-16,
          -9.873715270244648e-16,
          -3.3817953393117156e-17,
          -1.7454427557737888e-17
        ],
        [
          -8.727213778868944e-18,
          -1.3090820668303415e-17,
          1.2981730496067553e-16,
          2.1818034447172358e-16,
          1.5708984801964098e-16,
          1.9854411346926846e-16,
          6.981771023095155e-17,
          -3.3817953393117156e-17,
          -3.9494861080978593e-16,
          -3.4908855115475776e-17
        ],
        [
          -5.236328267321366e-17,
          2.3999837891889593e-17,
          8.727213778868944e-17,
          -1.7454427557737888e-17,
          0.0,
          -4.363606889434472e-17,
          6.10904964520826e-17,
          -1.7454427557737888e-17,
          -3.4908855115475776e-17,
          -4.936857635122324e-17
        ]
      ],
      "S_row_names": [
        "x_0",
        "x_star",
        "x_1",
        "grad_f(x_1)",
        "grad_h(x_0)",
        "x_2",
        "grad_f(x_2)",
        "x_3",
        "grad_f(x_3)",
        "grad_h(x_star)"
      ],
      "S_col_names": [
        "x_0",
        "x_star",
        "x_1",
        "grad_f(x_1)",
        "grad_h(x_0)",
        "x_2",
        "grad_f(x_2)",
        "x_3",
        "grad_f(x_3)",
        "grad_h(x_star)"
      ],
      "basis_vectors": [
        "x_0",
        "x_star",
        "x_1",
        "grad_f(x_1)",
        "grad_h(x_0)",
        "x_2",
        "grad_f(x_2)",
        "x_3",
        "grad_f(x_3)",
        "grad_h(x_star)"
      ],
      "lambda_matrix": [
        [
          0.0,
          0.20351374375082734,
          0.1298119049357971,
          0.0
        ],
        [
          2.1595110749063305e-17,
          0.0,
          0.5368565323783844,
          0.0
        ],
        [
          1.0797555374531653e-17,
          4.319022149812661e-17,
          0.0,
          3.0855360190542187e-18
        ],
        [
          0.33332769259499645,
          0.3333342472638925,
          0.3333328881089228,
          0.0
        ]
      ],
      "lambda_row_names": [
        "x_1",
        "x_2",
        "x_3",
        "x_star"
      ],
      "lambda_col_names": [
        "x_1",
        "x_2",
        "x_3",
        "x_star"
      ]
    },
    {
      "N": 4,
      "opt_value": 0.250005743584715,
      "tau_sol": 0.2500070701947938,
      "S_matrix": [
        [
          -1.0100779255473356e-16,
          1.111029034393229e-16,
          5.951941255678014e-17,
          -1.111029034393229e-16,
          -4.761553004542411e-17,
          6.770333178333741e-17,
          -1.3491066846203496e-16,
          1.9443008101881511e-16,
          -3.1743686696949405e-17,
          -1.8252619850745907e-16,
          7.935921674237351e-18,
          8.729513841661086e-17
        ],
        [
          1.111029034393229e-16,
          6.284929314516754e-16,
          -2.301417285528832e-16,
          -5.555145171966145e-17,
          -4.0671598580466426e-17,
          4.761553004542411e-17,
          2.4204561106423924e-16,
          -1.7657425725178107e-16,
          3.1743686696949406e-16,
          -3.1743686696949406e-16,
          -2.777572585983073e-16,
          -7.935921674237351e-18
        ],
        [
          5.951941255678014e-17,
          -2.301417285528832e-16,
          3.59138817972386e-16,
          -1.0316698176508557e-16,
          9.523106009084822e-17,
          5.951941255678014e-17,
          -7.935921674237351e-18,
          9.523106009084822e-17,
          9.523106009084822e-17,
          -6.348737339389881e-17,
          2.87677160691104e-16,
          -1.7459027683322172e-16
        ],
        [
          -1.111029034393229e-16,
          -5.555145171966145e-17,
          -1.0316698176508557e-16,
          -4.489235224654825e-17,
          0.0,
          2.222058068786458e-16,
          3.1743686696949405e-17,
          2.5791745441271392e-17,
          1.5871843348474703e-16,
          -4.1266792706034227e-16,
          4.1663588789746094e-17,
          8.729513841661086e-17
        ],
        [
          -4.761553004542411e-17,
          -4.0671598580466426e-17,
          9.523106009084822e-17,
          0.0,
          0.0,
          8.927911883517021e-18,
          -6.348737339389881e-17,
          1.5871843348474702e-17,
          0.0,
          -4.761553004542411e-17,
          4.444116137572916e-16,
          -7.935921674237351e-17
        ],
        [
          6.770333178333741e-17,
          4.761553004542411e-17,
          5.951941255678014e-17,
          2.222058068786458e-16,
          8.927911883517021e-18,
          0.0,
          3.967960837118676e-17,
          1.4086260971771299e-16,
          2.5394949357559524e-16,
          -5.078989871511905e-16,
          -2.837091998539853e-16,
          -4.46395594175851e-17
        ],
        [
          -1.3491066846203496e-16,
          2.4204561106423924e-16,
          -7.935921674237351e-18,
          3.1743686696949405e-17,
          -6.348737339389881e-17,
          3.967960837118676e-17,
          -1.79569408986193e-16,
          1.2697474678779762e-16,
          -1.5871843348474702e-17,
          -3.3330871031796875e-16,
          1.111029034393229e-16,
          1.1903882511356027e-16
        ],
        [
          1.9443008101881511e-16,
          -1.7657425725178107e-16,
          9.523106009084822e-17,
          2.5791745441271392e-17,
          1.5871843348474702e-17,
          1.4086260971771299e-16,
          1.2697474678779762e-16,
          1.3467705673964474e-16,
          3.9679608371186757e-16,
          -2.8569318027254467e-16,
          -1.884781397631371e-16,
          -9.523106009084822e-17
        ],
        [
          -3.1743686696949405e-17,
          3.1743686696949406e-16,
          9.523106009084822e-17,
          1.5871843348474703e-16,
          0.0,
          2.5394949357559524e-16,
          -1.5871843348474702e-17,
          3.9679608371186757e-16,
          7.18277635944772e-16,
          -1.333234841271875e-15,
          -2.8569318027254467e-16,
          -2.3807765022712055e-17
        ],
        [
          -1.8252619850745907e-16,
          -3.1743686696949406e-16,
          -6.348737339389881e-17,
          -4.1266792706034227e-16,
          -4.761553004542411e-17,
          -5.078989871511905e-16,
          -3.3330871031796875e-16,
          -2.8569318027254467e-16,
          -1.333234841271875e-15,
          1.616124680875737e-15,
          4.950031144305548e-16,
          2.222058068786458e-16
        ],
        [
          7.935921674237351e-18,
          -2.777572585983073e-16,
          2.87677160691104e-16,
          4.1663588789746094e-17,
          4.444116137572916e-16,
          -2.837091998539853e-16,
          1.111029034393229e-16,
          -1.884781397631371e-16,
          -2.8569318027254467e-16,
          4.950031144305548e-16,
          7.18277635944772e-16,
          -2.5394949357559524e-16
        ],
        [
          8.729513841661086e-17,
          -7.935921674237351e-18,
          -1.7459027683322172e-16,
          8.729513841661086e-17,
          -7.935921674237351e-17,
          -4.46395594175851e-17,
          1.1903882511356027e-16,
          -9.523106009084822e-17,
          -2.3807765022712055e-17,
          2.222058068786458e-16,
          -2.5394949357559524e-16,
          0.0
        ]
      ],
      "S_row_names": [
        "x_0",
        "x_star",
        "x_1",
        "grad_f(x_1)",
        "grad_h(x_0)",
        "x_2",
        "grad_f(x_2)",
        "x_3",
        "grad_f(x_3)",
        "x_4",
        "grad_f(x_4)",
        "grad_h(x_star)"
      ],
      "S_col_names": [
        "x_0",
        "x_star",
        "x_1",
        "grad_f(x_1)",
        "grad_h(x_0)",
        "x_2",
        "grad_f(x_2)",
        "x_3",
        "grad_f(x_3)",
        "x_4",
        "grad_f(x_4)",
        "grad_h(x_star)"
      ],
      "basis_vectors": [
        "x_0",
        "x_star",
        "x_1",
        "grad_f(x_1)",
        "grad_h(x_0)",
        "x_2",
        "grad_f(x_2)",
        "x_3",
        "grad_f(x_3)",
        "x_4",
        "grad_f(x_4)",
        "grad_h(x_star)"
      ],
      "lambda_matrix": [
        [
          0.0,
          0.14618958879003446,
          0.060273776089170304,
          0.04354960305303388,
          0.0
        ],
        [
          0.0,
          0.0,
          0.2321736585060264,
          0.1640228081676577,
          0.0
        ],
        [
          0.0,
          0.0,
          0.0,
          0.542429718314714,
          0.0
        ],
        [
          0.0,
          0.0,
          0.0,
          0.0,
          0.0
        ],
        [
          0.2500070240165579,
          0.25000428776398437,
          0.2499971556839965,
          0.2499973498017298,
          0.0
        ]
      ],
      "lambda_row_names": [
        "x_1",
        "x_2",
        "x_3",
        "x_4",
        "x_star"
      ],
      "lambda_col_names": [
        "x_1",
        "x_2",
        "x_3",
        "x_4",
        "x_star"
      ]
    },
    {
      "N": 5,
      "opt_value": 0.1999991645331413,
      "tau_sol": 0.1999999923593043,
      "S_matrix": [
        [
          -5.046845382254144e-17,
          -9.992244061497373e-17,
          -2.854926874713535e-17,
          9.992244061497373e-17,
          0.0,
          -1.256279345454999e-16,
          -4.996122030748687e-17,
          2.319628085704747e-17,
          -8.564780624140607e-17,
          1.3382469725219694e-17,
          0.0,
          1.3560902654889291e-16,
          -4.996122030748687e-17,
          3.5686585933919187e-17
        ],
        [
          -9.992244061497373e-17,
          1.6149905223213263e-16,
          2.283941499770828e-16,
          -9.278512342818988e-17,
          7.851048905462222e-17,
          -2.5694341872421817e-16,
          6.423585468105454e-17,
          5.3529878900878795e-18,
          -1.6237396599933231e-16,
          1.4809933162576463e-16,
          -7.851048905462222e-17,
          -1.4274634373567675e-16,
          2.2125683279029899e-16,
          -7.137317186783837e-17
        ],
        [
          -2.854926874713535e-17,
          2.283941499770828e-16,
          -1.2112428917409949e-16,
          -3.5686585933919187e-17,
          1.4274634373567675e-17,
          9.412337040071187e-17,
          1.4274634373567675e-17,
          1.2936387401045706e-16,
          -1.4274634373567675e-17,
          5.70985374942707e-17,
          4.2823903120703036e-17,
          -2.5694341872421817e-16,
          -2.587277480209141e-16,
          7.137317186783837e-17
        ],
        [
          9.992244061497373e-17,
          -9.278512342818988e-17,
          -3.5686585933919187e-17,
          1.6149905223213263e-16,
          3.5686585933919187e-17,
          -6.280839124369777e-16,
          2.854926874713535e-17,
          -1.0349109920836565e-16,
          0.0,
          1.2133439217532525e-16,
          1.141970749885414e-16,
          3.2474793199866463e-16,
          -1.7843292966959593e-16,
          2.1411951560351518e-17
        ],
        [
          0.0,
          7.851048905462222e-17,
          1.4274634373567675e-17,
          3.5686585933919187e-17,
          -8.074952611606631e-17,
          8.163306532384014e-17,
          -4.2823903120703036e-17,
          2.1411951560351518e-17,
          0.0,
          3.5686585933919187e-17,
          7.851048905462222e-17,
          -1.4274634373567675e-16,
          -2.854926874713535e-17,
          1.4274634373567675e-17
        ],
        [
          -1.256279345454999e-16,
          -2.5694341872421817e-16,
          9.412337040071187e-17,
          -6.280839124369777e-16,
          8.163306532384014e-17,
          4.0374763058033153e-16,
          1.5702097810924443e-16,
          -1.6148180135098434e-16,
          2.854926874713535e-17,
          -2.7835537028456964e-16,
          -2.5694341872421817e-16,
          1.7129561248281214e-16,
          1.2668738006541313e-16,
          -3.0333598043831313e-17
        ],
        [
          -4.996122030748687e-17,
          6.423585468105454e-17,
          1.4274634373567675e-17,
          2.854926874713535e-17,
          -4.2823903120703036e-17,
          1.5702097810924443e-16,
          2.826233414062321e-16,
          -1.141970749885414e-16,
          -9.992244061497373e-17,
          7.137317186783837e-17,
          -5.70985374942707e-17,
          2.854926874713535e-17,
          -1.9984488122994747e-16,
          5.70985374942707e-17
        ],
        [
          2.319628085704747e-17,
          5.3529878900878795e-18,
          1.2936387401045706e-16,
          -1.0349109920836565e-16,
          2.1411951560351518e-17,
          -1.6148180135098434e-16,
          -1.141970749885414e-16,
          8.074952611606631e-17,
          1.891389054497717e-16,
          -1.6058963670263636e-16,
          7.137317186783837e-17,
          -1.4274634373567675e-16,
          -8.921646483479796e-17,
          -3.211792734052727e-17
        ],
        [
          -8.564780624140607e-17,
          -1.6237396599933231e-16,
          -1.4274634373567675e-17,
          0.0,
          0.0,
          2.854926874713535e-17,
          -9.992244061497373e-17,
          1.891389054497717e-16,
          8.074952611606631e-17,
          -2.854926874713535e-17,
          1.2847170936210908e-16,
          6.334369003270657e-17,
          -1.7129561248281214e-16,
          7.851048905462222e-17
        ],
        [
          1.3382469725219694e-17,
          1.4809933162576463e-16,
          5.70985374942707e-17,
          1.2133439217532525e-16,
          3.5686585933919187e-17,
          -2.7835537028456964e-16,
          7.137317186783837e-17,
          -1.6058963670263636e-16,
          -2.854926874713535e-17,
          -2.0187381529016576e-16,
          -1.8557024685637976e-16,
          2.283941499770828e-16,
          5.5314208197574747e-17,
          -1.0705975780175755e-16
        ],
        [
          0.0,
          -7.851048905462222e-17,
          4.2823903120703036e-17,
          1.141970749885414e-16,
          7.851048905462222e-17,
          -2.5694341872421817e-16,
          -5.70985374942707e-17,
          7.137317186783837e-17,
          1.2847170936210908e-16,
          -1.8557024685637976e-16,
          -8.074952611606631e-17,
          2.854926874713535e-16,
          -1.141970749885414e-16,
          2.1411951560351518e-17
        ],
        [
          1.3560902654889291e-16,
          -1.4274634373567675e-16,
          -2.5694341872421817e-16,
          3.2474793199866463e-16,
          -1.4274634373567675e-16,
          1.7129561248281214e-16,
          2.854926874713535e-17,
          -1.4274634373567675e-16,
          6.334369003270657e-17,
          2.283941499770828e-16,
          2.854926874713535e-16,
          3.2299810446426525e-16,
          -5.174554960418282e-16,
          1.4274634373567675e-16
        ],
        [
          -4.996122030748687e-17,
          2.2125683279029899e-16,
          -2.587277480209141e-16,
          -1.7843292966959593e-16,
          -2.854926874713535e-17,
          1.2668738006541313e-16,
          -1.9984488122994747e-16,
          -8.921646483479796e-17,
          -1.7129561248281214e-16,
          5.5314208197574747e-17,
          -1.141970749885414e-16,
          -5.174554960418282e-16,
          3.2299810446426525e-16,
          1.4274634373567675e-17
        ],
        [
          3.5686585933919187e-17,
          -7.137317186783837e-17,
          7.137317186783837e-17,
          2.1411951560351518e-17,
          1.4274634373567675e-17,
          -3.0333598043831313e-17,
          5.70985374942707e-17,
          -3.211792734052727e-17,
          7.851048905462222e-17,
          -1.0705975780175755e-16,
          2.1411951560351518e-17,
          1.4274634373567675e-16,
          1.4274634373567675e-17,
          -8.074952611606631e-17
        ]
      ],
      "S_row_names": [
        "x_0",
        "x_star",
        "x_1",
        "grad_f(x_1)",
        "grad_h(x_0)",
        "x_2",
        "grad_f(x_2)",
        "x_3",
        "grad_f(x_3)",
        "x_4",
        "grad_f(x_4)",
        "x_5",
        "grad_f(x_5)",
        "grad_h(x_star)"
      ],
      "S_col_names": [
        "x_0",
        "x_star",
        "x_1",
        "grad_f(x_1)",
        "grad_h(x_0)",
        "x_2",
        "grad_f(x_2)",
        "x_3",
        "grad_f(x_3)",
        "x_4",
        "grad_f(x_4)",
        "x_5",
        "grad_f(x_5)",
        "grad_h(x_star)"
      ],
      "basis_vectors": [
        "x_0",
        "x_star",
        "x_1",
        "grad_f(x_1)",
        "grad_h(x_0)",
        "x_2",
        "grad_f(x_2)",
        "x_3",
        "grad_f(x_3)",
        "x_4",
        "grad_f(x_4)",
        "x_5",
        "grad_f(x_5)",
        "grad_h(x_star)"
      ],
      "lambda_matrix": [
        [
          0.0,
          0.12447894950374785,
          0.07057274436720393,
          0.003316347355506806,
          0.0016318475811398087,
          0.0
        ],
        [
          -1.7660980817449254e-17,
          0.0,
          0.16689342316191774,
          0.08813481280992082,
          0.06945056296823367,
          0.0
        ],
        [
          0.0,
          0.0,
          0.0,
          0.25527726834722153,
          0.18218876876013612,
          0.0
        ],
        [
          0.0,
          0.0,
          0.0,
          0.0,
          0.5467284252961183,
          0.0
        ],
        [
          0.0,
          0.0,
          0.0,
          0.0,
          0.0,
          0.0
        ],
        [
          0.19999994755202943,
          0.1999999475642116,
          0.1999999861303446,
          0.2000000605301531,
          0.2000001835438681,
          0.0
        ]
      ],
      "lambda_row_names": [
        "x_1",
        "x_2",
        "x_3",
        "x_4",
        "x_5",
        "x_star"
      ],
      "lambda_col_names": [
        "x_1",
        "x_2",
        "x_3",
        "x_4",
        "x_5",
        "x_star"
      ]
    },
    {
      "N": 6,
      "opt_value": 0.16666665835283603,
      "tau_sol": 0.16666671890944476,
      "S_matrix": [
        [
          2.365307057113935e-16,
          1.2865574305182e-17,
          -1.5117049808588848e-16,
          -9.0059020136274e-17,
          -7.7193445831092e-17,
          1.0413074203256681e-16,
          -5.1462297220728e-17,
          -4.0204919703693756e-17,
          -7.0760658678501e-17,
          -4.4225411674063125e-17,
          -1.09357381594047e-16,
          7.236885546664875e-17,
          -7.0760658678501e-17,
          -9.970820086516051e-17,
          -3.2163935762955004e-17,
          1.9298361457773e-17
        ],
        [
          1.2865574305182e-17,
          2.1833603604128635e-16,
          6.432787152591001e-17,
          1.704688595436615e-16,
          9.6491807288865e-18,
          -2.89475421866595e-16,
          -6.432787152591001e-17,
          -8.523442977183074e-17,
          1.2865574305182e-17,
          -2.396213214340147e-16,
          9.6491807288865e-18,
          -1.125737751703425e-16,
          -1.2865574305182002e-16,
          4.88891823596916e-16,
          -1.125737751703425e-16,
          3.53803293392505e-17
        ],
        [
          -1.5117049808588848e-16,
          6.432787152591001e-17,
          1.0916801802064317e-16,
          -1.54386891662184e-16,
          -1.2865574305182002e-16,
          -7.39770522547965e-17,
          1.09357381594047e-16,
          -7.638934743701814e-17,
          -6.432787152591001e-17,
          5.950328116146675e-17,
          -3.8596722915546e-17,
          -6.432787152591001e-17,
          -5.1462297220728e-17,
          1.2865574305182002e-16,
          9.407951210664337e-17,
          2.5731148610364e-17
        ],
        [
          -9.0059020136274e-17,
          1.704688595436615e-16,
          -1.54386891662184e-16,
          -1.8194669670107195e-16,
          -1.54386891662184e-16,
          1.54386891662184e-16,
          -2.862590282902995e-16,
          1.8373648304588045e-16,
          -5.46786907970235e-17,
          -1.7207705633180925e-16,
          -1.962000081540255e-16,
          6.432787152591001e-17,
          2.5731148610364e-17,
          -2.8143443792585626e-16,
          -1.6081967881477502e-17,
          2.5731148610364e-17
        ],
        [
          -7.7193445831092e-17,
          9.6491807288865e-18,
          -1.2865574305182002e-16,
          -1.54386891662184e-16,
          -3.638933934021439e-17,
          -6.038276377998505e-17,
          -9.0059020136274e-17,
          1.60819678814775e-18,
          -7.0760658678501e-17,
          -9.6491807288865e-18,
          -1.3508853020441098e-16,
          7.7193445831092e-17,
          -1.3508853020441098e-16,
          1.15790168746638e-16,
          2.31580337493276e-16,
          1.2865574305182e-17
        ],
        [
          1.0413074203256681e-16,
          -2.89475421866595e-16,
          -7.39770522547965e-17,
          1.54386891662184e-16,
          -6.038276377998505e-17,
          -2.1833603604128635e-16,
          2.7017706040882196e-16,
          -1.5157254728292542e-16,
          -9.0059020136274e-17,
          4.342131327998925e-17,
          -1.9298361457773e-16,
          1.9298361457773e-16,
          1.2865574305182e-17,
          3.3450493193473197e-16,
          1.2061475911108124e-16,
          3.839569831702753e-17
        ],
        [
          -5.1462297220728e-17,
          -6.432787152591001e-17,
          1.09357381594047e-16,
          -2.862590282902995e-16,
          -9.0059020136274e-17,
          2.7017706040882196e-16,
          1.8194669670107195e-16,
          -2.31580337493276e-16,
          -2.5731148610364e-17,
          -3.53803293392505e-17,
          -2.540950925273445e-16,
          -6.432787152591e-18,
          6.432787152591e-18,
          -6.432787152591001e-17,
          7.0760658678501e-17,
          6.432787152591e-18
        ],
        [
          -4.0204919703693756e-17,
          -8.523442977183074e-17,
          -7.638934743701814e-17,
          1.8373648304588045e-16,
          1.60819678814775e-18,
          -1.5157254728292542e-16,
          -2.31580337493276e-16,
          7.277867868042878e-17,
          -5.1462297220728e-17,
          -2.89475421866595e-17,
          6.754426510220549e-17,
          -1.02924594441456e-16,
          -5.1462297220728e-17,
          2.83042634714004e-16,
          4.0204919703693756e-18,
          2.89475421866595e-17
        ],
        [
          -7.0760658678501e-17,
          1.2865574305182e-17,
          -6.432787152591001e-17,
          -5.46786907970235e-17,
          -7.0760658678501e-17,
          -9.0059020136274e-17,
          -2.5731148610364e-17,
          -5.1462297220728e-17,
          1.4555735736085756e-16,
          -1.2865574305182002e-16,
          -3.2163935762955004e-16,
          2.347967310695715e-16,
          -1.125737751703425e-16,
          -1.447377109332975e-16,
          7.7193445831092e-17,
          4.5029510068137e-17
        ],
        [
          -4.4225411674063125e-17,
          -2.396213214340147e-16,
          5.950328116146675e-17,
          -1.7207705633180925e-16,
          -9.6491807288865e-18,
          4.342131327998925e-17,
          -3.53803293392505e-17,
          -2.89475421866595e-17,
          -1.2865574305182002e-16,
          -3.638933934021439e-17,
          1.6081967881477502e-16,
          -6.11114779496145e-17,
          -1.02924594441456e-16,
          2.31580337493276e-16,
          -1.1016147998812087e-16,
          3.2163935762955004e-17
        ],
        [
          -1.09357381594047e-16,
          9.6491807288865e-18,
          -3.8596722915546e-17,
          -1.962000081540255e-16,
          -1.3508853020441098e-16,
          -1.9298361457773e-16,
          -2.540950925273445e-16,
          6.754426510220549e-17,
          -3.2163935762955004e-16,
          1.6081967881477502e-16,
          0.0,
          1.54386891662184e-16,
          -6.432787152591001e-17,
          -2.2675574712883275e-16,
          1.54386891662184e-16,
          7.0760658678501e-17
        ],
        [
          7.236885546664875e-17,
          -1.125737751703425e-16,
          -6.432787152591001e-17,
          6.432787152591001e-17,
          7.7193445831092e-17,
          1.9298361457773e-16,
          -6.432787152591e-18,
          -1.02924594441456e-16,
          2.347967310695715e-16,
          -6.11114779496145e-17,
          1.54386891662184e-16,
          -2.1833603604128635e-16,
          3.8596722915546e-17,
          2.05849188882912e-16,
          -1.5197459647996236e-16,
          -9.0059020136274e-17
        ],
        [
          -7.0760658678501e-17,
          -1.2865574305182002e-16,
          -5.1462297220728e-17,
          2.5731148610364e-17,
          -1.3508853020441098e-16,
          1.2865574305182e-17,
          6.432787152591e-18,
          -5.1462297220728e-17,
          -1.125737751703425e-16,
          -1.02924594441456e-16,
          -6.432787152591001e-17,
          3.8596722915546e-17,
          7.277867868042878e-17,
          2.5731148610364004e-16,
          -1.02924594441456e-16,
          7.7193445831092e-17
        ],
        [
          -9.970820086516051e-17,
          4.88891823596916e-16,
          1.2865574305182002e-16,
          -2.8143443792585626e-16,
          1.15790168746638e-16,
          3.3450493193473197e-16,
          -6.432787152591001e-17,
          2.83042634714004e-16,
          -1.447377109332975e-16,
          2.31580337493276e-16,
          -2.2675574712883275e-16,
          2.05849188882912e-16,
          2.5731148610364004e-16,
          -2.328917717773721e-15,
          2.396213214340147e-16,
          -6.432787152591001e-17
        ],
        [
          -3.2163935762955004e-17,
          -1.125737751703425e-16,
          9.407951210664337e-17,
          -1.6081967881477502e-17,
          2.31580337493276e-16,
          1.2061475911108124e-16,
          7.0760658678501e-17,
          4.0204919703693756e-18,
          7.7193445831092e-17,
          -1.1016147998812087e-16,
          1.54386891662184e-16,
          -1.5197459647996236e-16,
          -1.02924594441456e-16,
          2.396213214340147e-16,
          -7.277867868042878e-16,
          -1.80118040272548e-16
        ],
        [
          1.9298361457773e-17,
          3.53803293392505e-17,
          2.5731148610364e-17,
          2.5731148610364e-17,
          1.2865574305182e-17,
          3.839569831702753e-17,
          6.432787152591e-18,
          2.89475421866595e-17,
          4.5029510068137e-17,
          3.2163935762955004e-17,
          7.0760658678501e-17,
          -9.0059020136274e-17,
          7.7193445831092e-17,
          -6.432787152591001e-17,
          -1.80118040272548e-16,
          1.2736268769075036e-16
        ]
      ],
      "S_row_names": [
        "x_0",
        "x_star",
        "x_1",
        "grad_f(x_1)",
        "grad_h(x_0)",
        "x_2",
        "grad_f(x_2)",
        "x_3",
        "grad_f(x_3)",
        "x_4",
        "grad_f(x_4)",
        "x_5",
        "grad_f(x_5)",
        "x_6",
        "grad_f(x_6)",
        "grad_h(x_star)"
      ],
      "S_col_names": [
        "x_0",
        "x_star",
        "x_1",
        "grad_f(x_1)",
        "grad_h(x_0)",
        "x_2",
        "grad_f(x_2)",
        "x_3",
        "grad_f(x_3)",
        "x_4",
        "grad_f(x_4)",
        "x_5",
        "grad_f(x_5)",
        "x_6",
        "grad_f(x_6)",
        "grad_h(x_star)"
      ],
      "basis_vectors": [
        "x_0",
        "x_star",
        "x_1",
        "grad_f(x_1)",
        "grad_h(x_0)",
        "x_2",
        "grad_f(x_2)",
        "x_3",
        "grad_f(x_3)",
        "x_4",
        "grad_f(x_4)",
        "x_5",
        "grad_f(x_5)",
        "x_6",
        "grad_f(x_6)",
        "grad_h(x_star)"
      ],
      "lambda_matrix": [
        [
          0.0,
          0.09882641664538261,
          0.05394788914049996,
          0.008348658141951926,
          0.0034704776427502723,
          0.00207320099151799,
          0.0
        ],
        [
          0.0,
          0.0,
          0.15089101644493874,
          0.09158434182988931,
          0.012027133798517052,
          0.010990464823100272,
          0.0
        ],
        [
          0.0,
          0.0,
          0.0,
          0.18013902280855618,
          0.10454515332073337,
          0.08682139975061588,
          0.0
        ],
        [
          0.0,
          0.0,
          0.0,
          0.0,
          0.26057328409267533,
          0.18616559908959393,
          0.0
        ],
        [
          0.0,
          0.0,
          0.0,
          0.0,
          0.0,
          0.5472826274326694,
          0.0
        ],
        [
          0.0,
          0.0,
          0.0,
          0.0,
          0.0,
          0.0,
          0.0
        ],
        [
          0.1666667360258635,
          0.16666665076916,
          0.16666665211206116,
          0.16666666849196363,
          0.16666662550291483,
          0.16666662273452068,
          0.0
        ]
      ],
      "lambda_row_names": [
        "x_1",
        "x_2",
        "x_3",
        "x_4",
        "x_5",
        "x_6",
        "x_star"
      ],
      "lambda_col_names": [
        "x_1",
        "x_2",
        "x_3",
        "x_4",
        "x_5",
        "x_6",
        "x_star"
      ]
    },
    {
      "N": 7,
      "opt_value": 0.1428579747978089,
      "tau_sol": 0.14285710823473796,
      "S_matrix": [
        [
          -3.2924397103796377e-17,
          1.0476479006357915e-16,
          -4.947226197446793e-17,
          -4.6562128917146287e-17,
          3.492159668785971e-17,
          7.275332643304106e-17,
          2.0370931401251497e-17,
          -2.4008597722903555e-17,
          -2.910133057321643e-17,
          3.601289658435533e-17,
          1.1640532229286572e-17,
          5.45649948247808e-17,
          -1.1640532229286572e-17,
          4.0741862802502995e-17,
          5.820266114643286e-18,
          -1.411414532800997e-16,
          -4.6562128917146287e-17,
          -2.3281064458573143e-17
        ],
        [
          1.0476479006357915e-16,
          -1.9754638262277825e-16,
          9.894452394893587e-17,
          7.857359254768436e-17,
          4.947226197446793e-17,
          2.502714429296613e-16,
          -2.6191197515894786e-17,
          1.3968638675143884e-16,
          -1.018546570062575e-16,
          7.566345949036272e-17,
          -6.69330603183978e-17,
          6.475046052540655e-17,
          -7.275332643304107e-18,
          -6.11127942037545e-17,
          4.0741862802502995e-17,
          -6.984319337571942e-17,
          1.9788904789787173e-16,
          -2.0370931401251497e-17
        ],
        [
          -4.947226197446793e-17,
          9.894452394893587e-17,
          -9.877319131138912e-17,
          -4.6562128917146287e-17,
          1.3968638675143884e-16,
          -8.584892519098846e-17,
          1.1640532229286572e-17,
          3.38302967913641e-17,
          9.894452394893587e-17,
          -6.547799378973697e-17,
