{
  "algo_name": "pgm",
  "problem_type": "composite_convex_minimization",
  "obj_tag": "f,g",
  "params_json": "{\"L\": 1, \"R\": 1}",
  "performance_metric": "h(x_N) - h(x_star), where h = f + g",
  "initial_condition": "||x_0 - x_star||^2 <= R^2",
  "conjectured_rate": "L * R^2 / (4 * N)",
  "setup_file": "examples_peppy/pgm/pgm_setup.py",
  "sweep_results": [
    {
      "N": 1,
      "opt_value": 0.24998476565221175,
      "tau_sol": 0.24999675422940354,
      "S_matrix": [
        [
          0.24999737567326233,
          -0.2499973756732628,
          0.0001023324746946999,
          -0.22467269102001328,
          -0.49999733106833605,
          -0.2754269725224528
        ],
        [
          -0.2499973756732628,
          0.24999737567326216,
          -0.0001023324746946339,
          0.22467269102001322,
          0.4999973310683362,
          0.2754269725224528
        ],
        [
          0.0001023324746946999,
          -0.0001023324746946339,
          0.5001975229147797,
          -0.22477040349086896,
          -9.441700321949836e-05,
          -0.27552153642988214
        ],
        [
          -0.22467269102001328,
          0.22467269102001322,
          -0.22477040349086896,
          0.4493434987158237,
          0.4492998467988722,
          0.2247267515746513
        ],
        [
          -0.49999733106833605,
          0.4999973310683362,
          -9.441700321949836e-05,
          0.4492998467988722,
          0.999999845925992,
          0.5507944161292093
        ],
        [
          -0.2754269725224528,
          0.2754269725224528,
          -0.27552153642988214,
          0.2247267515746513,
          0.5507944161292093,
          0.601589200985328
        ]
      ],
      "S_row_names": [
        "x_0",
        "x_star",
        "grad_f(x_star)",
        "grad_f(x_0)",
        "grad_g(x_1)",
        "grad_f(x_1)"
      ],
      "S_col_names": [
        "x_0",
        "x_star",
        "grad_f(x_star)",
        "grad_f(x_0)",
        "grad_g(x_1)",
        "grad_f(x_1)"
      ],
      "basis_vectors": [
        "x_0",
        "x_star",
        "grad_f(x_star)",
        "grad_f(x_0)",
        "grad_g(x_1)",
        "grad_f(x_1)"
      ],
      "lambda_matrix": [
        [
          0.0,
          0.5507377084734112,
          0.0
        ],
        [
          0.10139758156154728,
          0.0,
          0.0001921411102415813
        ],
        [
          0.4493439065220731,
          0.5508520141975831,
          0.0
        ]
      ],
      "lambda_row_names": [
        "x_0",
        "x_1",
        "x_star"
      ],
      "lambda_col_names": [
        "x_0",
        "x_1",
        "x_star"
      ]
    },
    {
      "N": 2,
      "opt_value": 0.1250001921749428,
      "tau_sol": 0.12499983383501309,
      "S_matrix": [
        [
          0.12499987649270615,
          -0.12499987649270639,
          9.946362476636887e-07,
          -0.11948308270951935,
          -0.1593096070093648,
          -0.17148209714302978,
          -0.34069003008371673,
          -0.20903545187680922
        ],
        [
          -0.12499987649270639,
          0.12499987649270676,
          -9.94636247777432e-07,
          0.11948308270951925,
          0.15930960700936456,
          0.17148209714302984,
          0.34069003008371657,
          0.20903545187680914
        ],
        [
          9.946362476636887e-07,
          -9.94636247777432e-07,
          0.5000013119899563,
          -0.11948406979234377,
          -9.077292020617991e-07,
          -0.17148285324953075,
          -7.367974431016439e-07,
          -0.20903603347477645
        ],
        [
          -0.11948308270951935,
          0.11948308270951925,
          -0.11948406979234377,
          0.23896620117495607,
          0.1436617026876172,
          0.15583417395005755,
          0.3342701084136062,
          0.2026155057686767
        ],
        [
          -0.1593096070093648,
          0.15930960700936456,
          -9.077292020617991e-07,
          0.1436617026876172,
          0.3186192693985539,
          0.19623319193154745,
          0.3186193743925911,
          0.29734465690132633
        ],
        [
          -0.17148209714302978,
          0.17148209714302984,
          -0.17148285324953075,
          0.15583417395005755,
          0.19623319193154745,
          0.43660774223020044,
          0.48969460908725726,
          0.26496873808807464
        ],
        [
          -0.34069003008371673,
          0.34069003008371657,
          -7.367974431016439e-07,
          0.3342701084136062,
          0.3186193743925911,
          0.48969460908725726,
          1.0441410546887406,
          0.5387964483778848
        ],
        [
          -0.20903545187680922,
          0.20903545187680914,
          -0.20903603347477645,
          0.2026155057686767,
          0.29734465690132633,
          0.26496873808807464,
          0.5387964483778848,
          0.5775928948972824
        ]
      ],
      "S_row_names": [
        "x_0",
        "x_star",
        "grad_f(x_star)",
        "grad_f(x_0)",
        "grad_g(x_1)",
        "grad_f(x_1)",
        "grad_g(x_2)",
        "grad_f(x_2)"
      ],
      "S_col_names": [
        "x_0",
        "x_star",
        "grad_f(x_star)",
        "grad_f(x_0)",
        "grad_g(x_1)",
        "grad_f(x_1)",
        "grad_g(x_2)",
        "grad_f(x_2)"
      ],
      "basis_vectors": [
        "x_0",
        "x_star",
        "grad_f(x_star)",
        "grad_f(x_0)",
        "grad_g(x_1)",
        "grad_f(x_1)",
        "grad_g(x_2)",
        "grad_f(x_2)"
      ],
      "lambda_matrix": [
        [
          0.0,
          0.0936435313612436,
          0.17661841188232136,
          0.0
        ],
        [
          0.018455975968380424,
          0.0,
          0.4829035844770133,
          1.9212944842627102e-08
        ],
        [
          0.012839891093130077,
          0.06475183559755911,
          0.0,
          1.1677146729225262e-06
        ],
        [
          0.23896619708239583,
          0.3429642095153403,
          0.4180709002980998,
          0.0
        ]
      ],
      "lambda_row_names": [
        "x_0",
        "x_1",
        "x_2",
        "x_star"
      ],
      "lambda_col_names": [
        "x_0",
        "x_1",
        "x_2",
        "x_star"
      ]
    },
    {
      "N": 3,
      "opt_value": 0.08332796104103286,
      "tau_sol": 0.08333306446615824,
      "S_matrix": [
        [
          0.08333319914748014,
          -0.08333319914747993,
          0.00011490222588009667,
          -0.08278993432226461,
          -0.09864627254588162,
          -0.10597004588070354,
          -0.13802205097058187,
          -0.143858906911003,
          -0.26333119157550616,
          -0.16749553020376207
        ],
        [
          -0.08333319914747993,
          0.08333319914747982,
          -0.0001149022258801057,
          0.08278993432226467,
          0.09864627254588167,
          0.10597004588070355,
          0.13802205097058187,
          0.143858906911003,
          0.2633311915755062,
          0.16749553020376218
        ],
        [
          0.00011490222588009667,
          -0.0001149022258801057,
          0.5002287452327985,
          -0.08290451811522882,
          -0.00011441550533602167,
          -0.10608432312945913,
          -0.0001141660815416605,
          -0.14397299287646173,
          -0.00011402056096013235,
          -0.16760951326038476
        ],
        [
          -0.08278993432226461,
          0.08278993432226467,
          -0.08290451811522882,
          0.16557983276667237,
          0.09708755882301974,
          0.10441124442170431,
          0.13700329308671513,
          0.14284005723383184,
          0.26259275613209626,
          0.1667569917350058
        ],
        [
          -0.09864627254588162,
          0.09864627254588167,
          -0.00011441550533602167,
          0.09708755882301974,
          0.19729269342912123,
          0.13497037027750272,
          0.1346380325703356,
          0.17837310106739776,
          0.2599471770525263,
          0.18156128838933225
        ],
        [
          -0.10597004588070354,
          0.10597004588070355,
          -0.10608432312945913,
          0.10441124442170431,
          0.13497037027750272,
          0.27670893955238424,
          0.18869504249794522,
          0.17957402779925685,
          0.31208343327441,
          0.18113895740597052
        ],
        [
          -0.13802205097058187,
          0.13802205097058187,
          -0.0001141660815416605,
          0.13700329308671513,
          0.1346380325703356,
          0.18869504249794522,
          0.3817564428658117,
          0.21443289225684556,
          0.31173751922927073,
          0.28811493290518364
        ],
        [
          -0.143858906911003,
          0.143858906911003,
          -0.14397299287646173,
          0.14284005723383184,
          0.17837310106739776,
          0.17957402779925685,
          0.21443289225684556,
          0.4304022940405388,
          0.47024930420980854,
          0.25421191133684995
        ],
        [
          -0.26333119157550616,
          0.2633311915755062,
          -0.00011402056096013235,
          0.26259275613209626,
          0.2599471770525263,
          0.31208343327441,
          0.31173751922927073,
          0.47024930420980854,
          1.0083046583347863,
          0.5351778815608651
        ],
        [
          -0.16749553020376207,
          0.16749553020376218,
          -0.16760951326038476,
          0.1667569917350058,
          0.18156128838933225,
          0.18113895740597052,
          0.28811493290518364,
          0.25421191133684995,
          0.5351778815608651,
          0.5703557556380207
        ]
      ],
      "S_row_names": [
        "x_0",
        "x_star",
        "grad_f(x_star)",
        "grad_f(x_0)",
        "grad_g(x_1)",
        "grad_f(x_1)",
        "grad_g(x_2)",
        "grad_f(x_2)",
        "grad_g(x_3)",
        "grad_f(x_3)"
      ],
      "S_col_names": [
        "x_0",
        "x_star",
        "grad_f(x_star)",
        "grad_f(x_0)",
        "grad_g(x_1)",
        "grad_f(x_1)",
        "grad_g(x_2)",
        "grad_f(x_2)",
        "grad_g(x_3)",
        "grad_f(x_3)"
      ],
      "basis_vectors": [
        "x_0",
        "x_star",
        "grad_f(x_star)",
        "grad_f(x_0)",
        "grad_g(x_1)",
        "grad_f(x_1)",
        "grad_g(x_2)",
        "grad_f(x_2)",
        "grad_g(x_3)",
        "grad_f(x_3)"
      ],
      "lambda_matrix": [
        [
          0.0,
          0.06476888711858918,
          0.0757966332288288,
          0.02813157179675249,
          0.0
        ],
        [
          0.001079910363567701,
          0.0,
          0.06688789311722743,
          0.21310728888558061,
          2.3321601536870648e-21
        ],
        [
          0.0005606383233747512,
          0.0035216899665588726,
          0.0,
          0.49412589658238365,
          0.0
        ],
        [
          0.0014770090450370353,
          0.0008446491163583786,
          0.06780602938425088,
          0.0,
          0.00022807685837498992
        ],
        [
          0.16557983862512007,
          0.211940058675665,
          0.287717774692163,
          0.33499100713915336,
          0.0
        ]
      ],
      "lambda_row_names": [
        "x_0",
        "x_1",
        "x_2",
        "x_3",
        "x_star"
      ],
      "lambda_col_names": [
        "x_0",
        "x_1",
        "x_2",
        "x_3",
        "x_star"
      ]
    },
    {
      "N": 4,
      "opt_value": 0.06249988977748486,
      "tau_sol": 0.06249998468500923,
      "S_matrix": [
        [
          0.06249998031033042,
          -0.062499980310330404,
          1.4245206324258293e-07,
          -0.0620396288762767,
          -0.06961301699022432,
          -0.07496200648367667,
          -0.09009937939436413,
          -0.09522693404277426,
          -0.12117128827993186,
          -0.12436394147082405,
          -0.21911620474913535,
          -0.1434075209919685
        ],
        [
          -0.062499980310330404,
          0.06249998031032979,
          -1.4245206316442612e-07,
          0.062039628876276676,
          0.06961301699022443,
          0.07496200648367665,
          0.09009937939436419,
          0.09522693404277428,
          0.12117128827993195,
          0.12436394147082402,
          0.2191162047491355,
          0.1434075209919685
        ],
        [
          1.4245206324258293e-07,
          -1.4245206316442612e-07,
          0.5000000709575297,
          -0.06203980375359537,
          -1.8049323695344428e-07,
          -0.07496213254331399,
          -1.046429787417101e-07,
          -0.09522698263905748,
          -3.550482980751922e-08,
          -0.12436396702318316,
          -3.81966175991555e-08,
          -0.14340754383618592
        ],
        [
          -0.0620396288762767,
          0.062039628876276676,
          -0.06203980375359537,
          0.12407926134820142,
          0.0683911039435433,
          0.07374010372516782,
          0.08919661453363471,
          0.09432418160425177,
          0.12038621018203147,
          0.12357887057544815,
          0.2183430181983269,
          0.14263433335781428
        ],
        [
          -0.06961301699022432,
          0.06961301699022443,
          -1.8049323695344428e-07,
          0.0683911039435433,
          0.13922602097141262,
          0.09452052503244301,
          0.08379366822661177,
          0.11706635653674703,
          0.11732318850444193,
          0.13344200827096528,
          0.2165613333999043,
          0.14348439781158076
        ],
        [
          -0.07496200648367667,
          0.07496200648367665,
          -0.07496213254331399,
          0.07374010372516782,
          0.09452052503244301,
          0.2016524510313383,
          0.13573511981553474,
          0.12053476187042532,
          0.15069621508831693,
          0.1356185161536895,
          0.21874416307129246,
          0.1431123227699566
        ],
        [
          -0.09009937939436413,
          0.09009937939436419,
          -1.046429787417101e-07,
          0.08919661453363471,
          0.08379366822661177,
          0.13573511981553474,
          0.27222960976131966,
          0.14268609681066155,
          0.14751390971658845,
          0.1742530730536003,
          0.2172580354385956,
          0.17892442357230767
        ],
        [
          -0.09522693404277426,
          0.09522693404277428,
          -0.09522698263905748,
          0.09432418160425177,
          0.11706635653674703,
          0.12053476187042532,
          0.14268609681066155,
          0.29249352935188977,
          0.19206020422860948,
          0.1709022694521315,
          0.3100027544988703,
          0.1787876524348266
        ],
        [
          -0.12117128827993186,
          0.12117128827993195,
          -3.550482980751922e-08,
          0.12038621018203147,
          0.11732318850444193,
          0.15069621508831693,
          0.14751390971658845,
          0.19206020422860948,
          0.3945384198969426,
          0.2168912867856066,
          0.30999498423951677,
          0.2893366215772161
        ],
        [
          -0.12436394147082405,
          0.12436394147082402,
          -0.12436396702318316,
          0.12357887057544815,
          0.13344200827096528,
          0.1356185161536895,
          0.1742530730536003,
          0.1709022694521315,
          0.2168912867856066,
          0.4340716571764745,
          0.4703250322677359,
          0.25510405404310166
        ],
        [
          -0.21911620474913535,
          0.2191162047491355,
          -3.81966175991555e-08,
          0.2183430181983269,
          0.2165613333999043,
          0.21874416307129246,
          0.2172580354385956,
          0.3100027544988703,
          0.30999498423951677,
          0.4703250322677359,
          1.0091152010779094,
          0.5355146243159508
        ],
        [
          -0.1434075209919685,
          0.1434075209919685,
          -0.14340754383618592,
          0.14263433335781428,
          0.14348439781158076,
          0.1431123227699566,
          0.17892442357230767,
          0.1787876524348266,
          0.2893366215772161,
          0.25510405404310166,
          0.5355146243159508,
          0.5710292485073339
        ]
      ],
      "S_row_names": [
        "x_0",
        "x_star",
        "grad_f(x_star)",
        "grad_f(x_0)",
        "grad_g(x_1)",
        "grad_f(x_1)",
        "grad_g(x_2)",
        "grad_f(x_2)",
        "grad_g(x_3)",
        "grad_f(x_3)",
        "grad_g(x_4)",
        "grad_f(x_4)"
      ],
      "S_col_names": [
        "x_0",
        "x_star",
        "grad_f(x_star)",
        "grad_f(x_0)",
        "grad_g(x_1)",
        "grad_f(x_1)",
        "grad_g(x_2)",
        "grad_f(x_2)",
        "grad_g(x_3)",
        "grad_f(x_3)",
        "grad_g(x_4)",
        "grad_f(x_4)"
      ],
      "basis_vectors": [
        "x_0",
        "x_star",
        "grad_f(x_star)",
        "grad_f(x_0)",
        "grad_g(x_1)",
        "grad_f(x_1)",
        "grad_g(x_2)",
        "grad_f(x_2)",
        "grad_g(x_3)",
        "grad_f(x_3)",
        "grad_g(x_4)",
        "grad_f(x_4)"
      ],
      "lambda_matrix": [
        [
          0.0,
          0.05172842975344768,
          0.05137502156675693,
          0.023265877957944867,
          0.00015375589683423664,
          0.0
        ],
        [
          0.0006383034512772127,
          0.0,
          0.05066463420031109,
          0.0802287917688364,
          0.0708800521647227,
          0.0
        ],
        [
          0.00023536991939944655,
          2.6441412330347684e-06,
          0.0,
          0.08184910584174382,
          0.22082439568167278,
          0.0
        ],
        [
          2.3766364180288593e-05,
          1.2576093174272545e-05,
          0.010144468430363434,
          0.0,
          0.49235600395640305,
          0.0
        ],
        [
          0.0015463744548965808,
          0.000744151955632264,
          0.000273544534179606,
          0.06846513637675088,
          0.0,
          0.0
        ],
        [
          0.12407926098638215,
          0.14992402048759546,
          0.19045387305059064,
          0.24872788169573373,
          0.2868150408835178,
          0.0
        ]
      ],
      "lambda_row_names": [
        "x_0",
        "x_1",
        "x_2",
        "x_3",
        "x_4",
        "x_star"
      ],
      "lambda_col_names": [
        "x_0",
        "x_1",
        "x_2",
        "x_3",
        "x_4",
        "x_star"
      ]
    },
    {
      "N": 5,
      "opt_value": 0.049994914582988104,
      "tau_sol": 0.0499997382673806,
      "S_matrix": [
        [
          0.04999989098500891,
          -0.04999989098500892,
          0.00018019811242717134,
          -0.049461882764402325,
          -0.053070707277434355,
          -0.057693203257746545,
          -0.06604116916617221,
          -0.07007787705553407,
          -0.08311386025168281,
          -0.0865079395860908,
          -0.10765625211448569,
          -0.1105497325563936,
          -0.19011728036606496,
          -0.12588883206784898
        ],
        [
          -0.04999989098500892,
          0.04999989098500895,
          -0.00018019811242714985,
          0.04946188276440233,
          0.053070707277434334,
          0.057693203257746545,
          0.06604116916617218,
          0.0700778770555341,
          0.08311386025168284,
          0.08650793958609077,
          0.10765625211448564,
          0.11054973255639362,
          0.1901172803660649,
          0.1258888320678489
        ],
        [
          0.00018019811242717134,
          -0.00018019811242714985,
          0.5003588050334664,
          -0.04964172893035104,
          -0.00017966275929867442,
          -0.057872683842004065,
          -0.00017934746189139005,
          -0.07025709224986774,
          -0.00017912088881090569,
          -0.08668696626277499,
          -0.00017896389896940827,
          -0.1107286327813974,
          -0.00017886372149813893,
          -0.12606765970099146
        ],
        [
          -0.049461882764402325,
          0.04946188276440233,
          -0.04964172893035104,
          0.09892373820025374,
          0.0512865383932985,
          0.055908973208388,
          0.0647915999579443,
          0.06882824787453283,
          0.08229714511472955,
          0.08569116320570411,
          0.10684119417736587,
          0.10973461072469874,
          0.18931420579410432,
          0.12508567915453733
        ],
        [
          -0.053070707277434355,
          0.053070707277434334,
          -0.00017966275929867442,
          0.0512865383932985,
          0.10614151148850005,
          0.06548771863992271,
          0.05276347022057869,
          0.08143500942617375,
          0.07820245256416819,
          0.09660335109449816,
          0.10386169400110397,
          0.11017322022078782,
          0.1897385673246137,
          0.12590152058333717
        ],
        [
          -0.057693203257746545,
          0.057693203257746545,
          -0.057872683842004065,
          0.055908973208388,
          0.06548771863992271,
          0.15753093092599424,
          0.09969705868403703,
          0.08577089902359648,
          0.10835896575772863,
          0.09994037015138457,
          0.11361438786045709,
          0.1100954604111988,
          0.18967060271438296,
          0.1254547837781249
        ],
        [
          -0.06604116916617221,
          0.06604116916617218,
          -0.00017934746189139005,
          0.0647915999579443,
          0.05276347022057869,
          0.09969705868403703,
          0.20054525315900845,
          0.11145224293268723,
          0.10585090549400838,
          0.12278197075058535,
          0.11113365418382118,
          0.13596014705304751,
          0.19011733830091274,
          0.1259069494415036
        ],
        [
          -0.07007787705553407,
          0.0700778770555341,
          -0.07025709224986774,
          0.06882824787453283,
          0.08143500942617375,
          0.08577089902359648,
          0.11145224293268723,
          0.22883579025684547,
          0.14229272414846594,
          0.1256790824252387,
          0.1562248909818559,
          0.135920639439284,
          0.20924804379670622,
          0.125875344516318
        ],
        [
          -0.08311386025168281,
          0.08311386025168284,
          -0.00017912088881090569,
          0.08229714511472955,
          0.07820245256416819,
          0.10835896575772863,
          0.10585090549400838,
          0.14229272414846594,
          0.28466576871691873,
          0.14132208334041516,
          0.1531367498038126,
          0.17579287134515348,
          0.20927964716281955,
          0.18125085492350554
        ],
        [
          -0.0865079395860908,
          0.08650793958609077,
          -0.08668696626277499,
          0.08569116320570411,
          0.09660335109449816,
          0.09994037015138457,
          0.12278197075058535,
          0.1256790824252387,
          0.14132208334041516,
          0.28889947778664765,
          0.1929592896242831,
          0.1701840276927799,
          0.31125798647634706,
          0.18121752628718227
        ],
        [
          -0.10765625211448569,
          0.10765625211448564,
          -0.00017896389896940827,
          0.10684119417736587,
          0.10386169400110397,
          0.11361438786045709,
          0.11113365418382118,
          0.1562248909818559,
          0.1531367498038126,
          0.1929592896242831,
          0.397136277620061,
          0.21768714616991794,
          0.3112913133947792,
          0.2894117440880632
        ],
        [
          -0.1105497325563936,
          0.11054973255639362,
          -0.1107286327813974,
          0.10973461072469874,
          0.11017322022078782,
          0.1100954604111988,
          0.13596014705304751,
          0.135920639439284,
          0.17579287134515348,
          0.1701840276927799,
          0.21768714616991794,
          0.4353743001276766,
          0.46568625762155197,
          0.2547192367962999
        ],
        [
          -0.19011728036606496,
          0.1901172803660649,
          -0.00017886372149813893,
          0.18931420579410432,
          0.1897385673246137,
          0.18967060271438296,
          0.19011733830091274,
          0.20924804379670622,
          0.20927964716281955,
          0.31125798647634706,
          0.3112913133947792,
          0.46568625762155197,
          1.0007575302736107,
          0.5361861637744316
        ],
        [
          -0.12588883206784898,
          0.1258888320678489,
          -0.12606765970099146,
          0.12508567915453733,
          0.12590152058333717,
          0.1254547837781249,
          0.1259069494415036,
          0.125875344516318,
          0.18125085492350554,
          0.18121752628718227,
          0.2894117440880632,
          0.2547192367962999,
          0.5361861637744316,
          0.5723723219796572
        ]
      ],
      "S_row_names": [
        "x_0",
        "x_star",
        "grad_f(x_star)",
        "grad_f(x_0)",
        "grad_g(x_1)",
        "grad_f(x_1)",
        "grad_g(x_2)",
        "grad_f(x_2)",
        "grad_g(x_3)",
        "grad_f(x_3)",
        "grad_g(x_4)",
        "grad_f(x_4)",
        "grad_g(x_5)",
        "grad_f(x_5)"
      ],
      "S_col_names": [
        "x_0",
        "x_star",
        "grad_f(x_star)",
        "grad_f(x_0)",
        "grad_g(x_1)",
        "grad_f(x_1)",
        "grad_g(x_2)",
        "grad_f(x_2)",
        "grad_g(x_3)",
        "grad_f(x_3)",
        "grad_g(x_4)",
        "grad_f(x_4)",
        "grad_g(x_5)",
        "grad_f(x_5)"
      ],
      "basis_vectors": [
        "x_0",
        "x_star",
        "grad_f(x_star)",
        "grad_f(x_0)",
        "grad_g(x_1)",
        "grad_f(x_1)",
        "grad_g(x_2)",
        "grad_f(x_2)",
        "grad_g(x_3)",
        "grad_f(x_3)",
        "grad_g(x_4)",
        "grad_f(x_4)",
        "grad_g(x_5)",
        "grad_f(x_5)"
      ],
      "lambda_matrix": [
        [
          0.0,
          0.04214455339589278,
          0.032537207506176426,
          0.027780071459292063,
          4.55775227820635e-06,
          2.5417673068839925e-05,
          0.0
        ],
        [
          0.0010692040264521096,
          0.0,
          0.05614285991471321,
          0.050642564599649574,
          0.050816313885871676,
          1.0858076192771839e-05,
          0.0
        ],
        [
          0.0008657078615894979,
          0.00023595550171093228,
          0.0,
          0.03746099609098344,
          0.07966544970359574,
          0.11068781094235909,
          0.0
        ],
        [
          3.3119777527968488e-06,
          2.1111664102639064e-06,
          1.2953886558617802e-06,
          0.0,
          0.08378855008896745,
          0.21632177814266412,
          0.0
        ],
        [
          2.394620381745264e-05,
          1.9596157211555674e-05,
          1.58153871223117e-05,
          0.011151041183114255,
          0.0,
          0.4935488377926489,
          0.0
        ],
        [
          0.0016062579613778263,
          0.0008934662597205877,
          6.320268325753735e-05,
          6.664990986412975e-05,
          0.06938500681252639,
          0.0,
          0.00035774277896746386
        ],
        [
          0.09892374128266168,
          0.11538638074001588,
          0.14015572622208403,
          0.17301584919681612,
          0.221099432478759,
          0.2517776237786189,
          0.0
        ]
      ],
      "lambda_row_names": [
        "x_0",
        "x_1",
        "x_2",
        "x_3",
        "x_4",
        "x_5",
        "x_star"
      ],
      "lambda_col_names": [
        "x_0",
        "x_1",
        "x_2",
        "x_3",
        "x_4",
        "x_5",
        "x_star"
      ]
    },
    {
      "N": 6,
      "opt_value": 0.041663383690341255,
      "tau_sol": 0.041666514173249264,
      "S_matrix": [
        [
          0.04166660484995065,
          -0.04166660484995054,
          0.00015598819047798955,
          -0.04143120654856737,
          -0.042874720002344546,
          -0.047380121179469284,
          -0.05135815699010288,
          -0.05444423084592766,
          -0.06270711822942648,
          -0.06566923849137257,
          -0.07696156789927941,
          -0.0783374495805699,
          -0.0972356191415102,
          -0.09972273424006231,
          -0.16886229651556864,
          -0.1131704860825643
        ],
        [
          -0.04166660484995054,
          0.04166660484995014,
          -0.0001559881904780548,
          0.04143120654856742,
          0.04287472000234454,
          0.04738012117946925,
          0.0513581569901029,
          0.05444423084592766,
          0.0627071182294265,
          0.06566923849137263,
          0.07696156789927942,
          0.07833744958056994,
          0.0972356191415103,
          0.09972273424006237,
          0.16886229651556867,
          0.11317048608256434
        ],
        [
          0.00015598819047798955,
          -0.0001559881904780548,
          0.5003108282994667,
          -0.04158696688459877,
          -0.00015564074599316356,
          -0.04753563897620322,
          -0.00015542857075762022,
          -0.05459956610923551,
          -0.00015526934539863467,
          -0.06582443679390255,
          -0.00015515136482959017,
          -0.07849254825604103,
          -0.0001550674242383109,
          -0.09987776423398634,
          -0.00015501174007889263,
          -0.11332547623942298
        ],
        [
          -0.04143120654856737,
          0.04143120654856742,
          -0.04158696688459877,
          0.08286239544152664,
          0.04163565766202137,
          0.04614102732944657,
          0.05060135148796825,
          0.0536873933735963,
          0.06247913829891433,
          0.06544122618280908,
          0.07673420067529328,
          0.07811004979364447,
          0.09700920258653256,
          0.09949628403919931,
          0.16863805401059265,
          0.11294619544590341
        ],
        [
          -0.042874720002344546,
          0.04287472000234454,
          -0.00015564074599316356,
          0.04163565766202137,
          0.08574948573457146,
          0.054835860210494296,
          0.03713956823159974,
          0.05646065331973372,
          0.05451137627950034,
          0.07144064619900618,
          0.07300532876241839,
          0.07737657083196708,
          0.09522858460523842,
          0.09972618019961128,
          0.16886233142915724,
          0.11317674736550269
        ],
        [
          -0.047380121179469284,
          0.04738012117946925,
          -0.04753563897620322,
          0.04614102732944657,
          0.054835860210494296,
          0.13810894476013322,
          0.07763882548353018,
          0.0643072547223348,
          0.08181310765481958,
          0.07533791878277551,
          0.08820044048794112,
          0.07932478981436297,
          0.09717839617986117,
          0.09966792130686876,
          0.1688060605223486,
          0.11312047279937168
        ],
        [
          -0.05135815699010288,
          0.0513581569901029,
          -0.00015542857075762022,
          0.05060135148796825,
          0.03713956823159974,
          0.07763882548353018,
          0.155975979772215,
          0.08133509585676175,
          0.07450792409040767,
          0.09262398185870933,
          0.08461375907691922,
          0.09686703109864671,
          0.09519698217137501,
          0.1042055566117389,
          0.1688623336852132,
          0.11318013320086905
        ],
        [
          -0.05444423084592766,
          0.05444423084592766,
          -0.05459956610923551,
          0.0536873933735963,
          0.05646065331973372,
          0.0643072547223348,
          0.08133509585676175,
          0.17739854088555232,
          0.11128526378418224,
          0.09623699458070024,
          0.11686601974830012,
          0.09887419814991552,
          0.11844881860555974,
          0.10417323920350986,
          0.16883153710125928,
          0.11314933360944811
        ],
        [
          -0.06270711822942648,
          0.0627071182294265,
          -0.00015526934539863467,
          0.06247913829891433,
          0.05451137627950034,
          0.08181310765481958,
          0.07450792409040767,
          0.11128526378418224,
          0.2226355475334803,
          0.11440302264377003,
          0.11466226423942835,
          0.12404221585093618,
          0.11730209247739073,
          0.13442206720169153,
          0.1688623349612809,
          0.1241919934922271
        ],
        [
          -0.06566923849137257,
          0.06566923849137263,
          -0.06582443679390255,
          0.06544122618280908,
          0.07144064619900618,
          0.07533791878277551,
          0.09262398185870933,
          0.09623699458070024,
          0.11440302264377003,
          0.2332785775948611,
          0.14305844440763857,
          0.12488400065323386,
          0.15862595991260675,
          0.13438566571293,
          0.20775411643171007,
          0.12416622474002235
        ],
        [
          -0.07696156789927941,
          0.07696156789927942,
          -0.00015515136482959017,
          0.07673420067529328,
          0.07300532876241839,
          0.08820044048794112,
          0.08461375907691922,
          0.11686601974830012,
          0.11466226423942835,
          0.14305844440763857,
          0.28679141497454586,
          0.1398485039753541,
          0.156680606160637,
          0.17531934261226284,
          0.20777988291418983,
          0.18366145558578278
        ],
        [
          -0.0783374495805699,
          0.07833744958056994,
          -0.07849254825604103,
          0.07811004979364447,
          0.07737657083196708,
          0.07932478981436297,
          0.09686703109864671,
          0.09887419814991552,
          0.12404221585093618,
          0.12488400065323386,
          0.1398485039753541,
          0.2836605264407721,
          0.18979701551316835,
          0.16990931837558526,
          0.311971917983664,
          0.1836329202822503
        ],
        [
          -0.0972356191415102,
          0.0972356191415103,
          -0.0001550674242383109,
          0.09700920258653256,
          0.09522858460523842,
          0.09717839617986117,
          0.09519698217137501,
          0.11844881860555974,
          0.11730209247739073,
          0.15862595991260675,
          0.156680606160637,
          0.18979701551316835,
          0.39041408724527094,
          0.2175974381702653,
          0.3120004506609005,
          0.2883210397766424
        ],
        [
          -0.09972273424006231,
          0.09972273424006237,
          -0.09987776423398634,
          0.09949628403919931,
          0.09972618019961128,
          0.09966792130686876,
          0.1042055566117389,
          0.10417323920350986,
          0.13442206720169153,
          0.13438566571293,
          0.17531934261226284,
          0.16990931837558526,
          0.2175974381702653,
          0.4351948834137398,
          0.4652184051380017,
          0.25353944211575247
        ],
        [
          -0.16886229651556864,
          0.16886229651556867,
          -0.00015501174007889263,
          0.16863805401059265,
          0.16886233142915724,
          0.1688060605223486,
          0.1688623336852132,
          0.16883153710125928,
          0.1688623349612809,
          0.20775411643171007,
          0.20777988291418983,
          0.311971917983664,
          0.3120004506609005,
          0.4652184051380017,
          1.0000000059107572,
          0.5353022601134377
        ],
        [
          -0.1131704860825643,
          0.11317048608256434,
          -0.11332547623942298,
          0.11294619544590341,
          0.11317674736550269,
          0.11312047279937168,
          0.11318013320086905,
          0.11314933360944811,
          0.1241919934922271,
          0.12416622474002235,
          0.18366145558578278,
          0.1836329202822503,
          0.2883210397766424,
          0.25353944211575247,
          0.5353022601134377,
          0.5706045167813111
        ]
      ],
      "S_row_names": [
        "x_0",
        "x_star",
        "grad_f(x_star)",
        "grad_f(x_0)",
        "grad_g(x_1)",
        "grad_f(x_1)",
        "grad_g(x_2)",
        "grad_f(x_2)",
        "grad_g(x_3)",
        "grad_f(x_3)",
        "grad_g(x_4)",
        "grad_f(x_4)",
        "grad_g(x_5)",
        "grad_f(x_5)",
        "grad_g(x_6)",
        "grad_f(x_6)"
      ],
      "S_col_names": [
        "x_0",
        "x_star",
        "grad_f(x_star)",
        "grad_f(x_0)",
        "grad_g(x_1)",
        "grad_f(x_1)",
        "grad_g(x_2)",
        "grad_f(x_2)",
        "grad_g(x_3)",
        "grad_f(x_3)",
        "grad_g(x_4)",
        "grad_f(x_4)",
        "grad_g(x_5)",
        "grad_f(x_5)",
        "grad_g(x_6)",
        "grad_f(x_6)"
      ],
      "basis_vectors": [
        "x_0",
        "x_star",
        "grad_f(x_star)",
        "grad_f(x_0)",
        "grad_g(x_1)",
        "grad_f(x_1)",
        "grad_g(x_2)",
        "grad_f(x_2)",
        "grad_g(x_3)",
        "grad_f(x_3)",
        "grad_g(x_4)",
        "grad_f(x_4)",
        "grad_g(x_5)",
        "grad_f(x_5)",
        "grad_g(x_6)",
        "grad_f(x_6)"
      ],
      "lambda_matrix": [
        [
          0.0,
          0.04334872103132722,
          0.020424395016789297,
          0.019455361012211934,
          0.0020923805840787945,
          6.9186618179195765e-06,
          1.2546637571368647e-05,
          0.0
        ],
        [
          0.000964513940419924,
          0.0,
          0.04808570399206398,
          0.041745190874074044,
          0.0390461567299522,
          0.008958753281997663,
          6.771688339461767e-06,
          0.0
        ],
        [
          0.0010576516267566277,
          0.00058034813379084,
          0.0,
          0.040739569840195854,
          0.052629111248185194,
          0.060433021869277695,
          0.022023720614959778,
          0.0
        ],
        [
          1.2255833677472284e-06,
          3.0085300603464163e-07,
          0.0,
          0.0,
          0.03321800037186083,
          0.08179455195498501,
          0.11893892419846484,
          0.0
        ],
        [
          1.9002291001910516e-06,
          1.1566452642854494e-06,
          3.792153974690954e-07,
          0.0006017166065108227,
          0.0,
          0.08455619187694777,
          0.2093191683077452,
          0.0
        ],
        [
          4.322193381144778e-06,
          3.974389228216618e-06,
          3.0418097610672417e-06,
          2.1272306391159757e-05,
          0.010762985822059328,
          0.0,
          0.4939624389455163,
          0.0
        ],
        [
          0.0004485538875432553,
          0.0001125457531689389,
          6.159574230415125e-05,
          5.1534009441599105e-05,
          5.70670874032946e-05,
          0.06956319165760733,
          0.0,
          0.00031003079502561987
        ],
        [
          0.082862397050939,
          0.09476022540320393,
          0.10888844363012118,
          0.13133845770844801,
          0.1566748793827852,
          0.19944544771530998,
          0.22634094853978007,
          0.0
        ]
      ],
      "lambda_row_names": [
        "x_0",
        "x_1",
        "x_2",
        "x_3",
        "x_4",
        "x_5",
        "x_6",
        "x_star"
      ],
      "lambda_col_names": [
        "x_0",
        "x_1",
        "x_2",
        "x_3",
        "x_4",
        "x_5",
        "x_6",
