{
  "algo_name": "ogm",
  "problem_type": "smooth_convex",
  "obj_tag": "f",
  "params_json": "{\"L\": 1, \"R\": 1}",
  "performance_metric": "f(x_N) - f(x_star)",
  "initial_condition": "||x_0 - x_star|| <= R",
  "conjectured_rate": "L * R^2 / (2 * theta_N^2)",
  "setup_file": "examples_peppy/ogm/ogm_setup.py",
  "sweep_results": [
    {
      "N": 1,
      "opt_value": 0.12499891224858557,
      "tau_sol": 0.12500015649618346,
      "S_matrix": [
        [
          0.1250001676867102,
          -0.12500016768671024,
          -0.24999185636676494,
          -0.25000845018655904
        ],
        [
          -0.12500016768671024,
          0.12500016768671043,
          0.24999185636676483,
          0.25000845018655876
        ],
        [
          -0.24999185636676494,
          0.24999185636676483,
          0.49996675529536583,
          0.49999994180936297
        ],
        [
          -0.25000845018655904,
          0.25000845018655876,
          0.49999994180936297,
          0.5000331305261961
        ]
      ],
      "S_row_names": [
        "x_0",
        "x_star",
        "grad_f(x_0)",
        "grad_f(x_1)"
      ],
      "S_col_names": [
        "x_0",
        "x_star",
        "grad_f(x_0)",
        "grad_f(x_1)"
      ],
      "basis_vectors": [
        "x_0",
        "x_star",
        "grad_f(x_0)",
        "grad_f(x_1)"
      ],
      "lambda_matrix": [
        [
          0.0,
          0.5000162609771611,
          0.0
        ],
        [
          3.281629743904121e-05,
          0.0,
          0.0
        ],
        [
          0.49998354866668154,
          0.5000166084095307,
          0.0
        ]
      ],
      "lambda_row_names": [
        "x_0",
        "x_1",
        "x_star"
      ],
      "lambda_col_names": [
        "x_0",
        "x_1",
        "x_star"
      ]
    },
    {
      "N": 2,
      "opt_value": 0.0618918527616518,
      "tau_sol": 0.061894529210386184,
      "S_matrix": [
        [
          0.061894797489986456,
          -0.0618947974899867,
          -0.12378876877473712,
          -0.20028996854588568,
          -0.17592402660636144
        ],
        [
          -0.0618947974899867,
          0.061894797489986296,
          0.12378876877473724,
          0.20028996854588574,
          0.1759240266063614
        ],
        [
          -0.12378876877473712,
          0.12378876877473724,
          0.24757588515003118,
          0.40057726351293366,
          0.3518457048836579
        ],
        [
          -0.20028996854588568,
          0.20028996854588574,
          0.40057726351293366,
          0.6481331731734298,
          0.5692856134015813
        ],
        [
          -0.17592402660636144,
          0.1759240266063614,
          0.3518457048836579,
          0.5692856134015813,
          0.5000301219565789
        ]
      ],
      "S_row_names": [
        "x_0",
        "x_star",
        "grad_f(x_0)",
        "grad_f(x_1)",
        "grad_f(x_2)"
      ],
      "S_col_names": [
        "x_0",
        "x_star",
        "grad_f(x_0)",
        "grad_f(x_1)",
        "grad_f(x_2)"
      ],
      "basis_vectors": [
        "x_0",
        "x_star",
        "grad_f(x_0)",
        "grad_f(x_1)",
        "grad_f(x_2)"
      ],
      "lambda_matrix": [
        [
          0.0,
          0.24757596040826232,
          0.0,
          0.0
        ],
        [
          1.0182259269104094e-21,
          0.0,
          0.6481811692455693,
          9.708895078008244e-18
        ],
        [
          0.0,
          2.6637040359480385e-05,
          0.0,
          0.0
        ],
        [
          0.24757639681194532,
          0.40057899239951766,
          0.3518470916422627,
          0.0
        ]
      ],
      "lambda_row_names": [
        "x_0",
        "x_1",
        "x_2",
        "x_star"
      ],
      "lambda_col_names": [
        "x_0",
        "x_1",
        "x_2",
        "x_star"
      ]
    },
    {
      "N": 3,
      "opt_value": 0.03769204376644394,
      "tau_sol": 0.03769235485863583,
      "S_matrix": [
        [
          0.0376923907157843,
          -0.037692390715784396,
          -0.07538475382414431,
          -0.12197515968998615,
          -0.16534232176901636,
          -0.13729762185662517
        ],
        [
          -0.037692390715784396,
          0.03769239071578406,
          0.0753847538241444,
          0.12197515968998626,
          0.16534232176901636,
          0.1372976218566251
        ],
        [
          -0.07538475382414431,
          0.0753847538241444,
          0.15076945243345868,
          0.24395023004045252,
          0.33068452243465696,
          0.2745951431509424
        ],
        [
          -0.12197515968998615,
          0.12197515968998626,
          0.24395023004045252,
          0.3947199766017251,
          0.5350590853565332,
          0.4443045143327558
        ],
        [
          -0.16534232176901636,
          0.16534232176901636,
          0.33068452243465696,
          0.5350590853565332,
          0.7252944917744475,
          0.6022729558948398
        ],
        [
          -0.13729762185662517,
          0.1372976218566251,
          0.2745951431509424,
          0.4443045143327558,
          0.6022729558948398,
          0.5001178383622839
        ]
      ],
      "S_row_names": [
        "x_0",
        "x_star",
        "grad_f(x_0)",
        "grad_f(x_1)",
        "grad_f(x_2)",
        "grad_f(x_3)"
      ],
      "S_col_names": [
        "x_0",
        "x_star",
        "grad_f(x_0)",
        "grad_f(x_1)",
        "grad_f(x_2)",
        "grad_f(x_3)"
      ],
      "basis_vectors": [
        "x_0",
        "x_star",
        "grad_f(x_0)",
        "grad_f(x_1)",
        "grad_f(x_2)",
        "grad_f(x_3)"
      ],
      "lambda_matrix": [
        [
          0.0,
          0.15076962387579237,
          0.0,
          0.0,
          0.0
        ],
        [
          -2.169735685847706e-19,
          0.0,
          0.3947197330389589,
          0.0,
          0.0
        ],
        [
          0.0,
          0.0,
          0.0,
          0.72552207067678,
          0.0
        ],
        [
          -2.181962485005811e-21,
          0.0,
          0.000117440120086176,
          0.0,
          0.0
        ],
        [
          0.15076949796028974,
          0.24395020553895927,
          0.3306846564646352,
          0.2745949858880179,
          0.0
        ]
      ],
      "lambda_row_names": [
        "x_0",
        "x_1",
        "x_2",
        "x_3",
        "x_star"
      ],
      "lambda_col_names": [
        "x_0",
        "x_1",
        "x_2",
        "x_3",
        "x_star"
      ]
    },
    {
      "N": 4,
      "opt_value": 0.025583626393635102,
      "tau_sol": 0.025583988038089957,
      "S_matrix": [
        [
          0.02558399992695162,
          -0.02558399992695132,
          -0.05116797120522196,
          -0.08279156548465896,
          -0.11223831003172796,
          -0.14068725015182948,
          -0.11311510616344264
        ],
        [
          -0.02558399992695132,
          0.02558399992695175,
          0.051167971205221985,
          0.08279156548465888,
          0.112238310031728,
          0.14068725015182953,
          0.11311510616344264
        ],
        [
          -0.05116797120522196,
          0.051167971205221985,
          0.10233590502648048,
          0.16558306819680535,
          0.2244765932979572,
          0.28137455944874856,
          0.2262303066599747
        ],
        [
          -0.08279156548465896,
          0.08279156548465888,
          0.16558306819680535,
          0.2679191872410843,
          0.36321096098856714,
          0.45527384502366136,
          0.3660485164902099
        ],
        [
          -0.11223831003172796,
          0.112238310031728,
          0.2244765932979572,
          0.36321096098856714,
          0.49239567095876263,
          0.6172032044556094,
          0.4962428266444862
        ],
        [
          -0.14068725015182948,
          0.14068725015182953,
          0.28137455944874856,
          0.45527384502366136,
          0.6172032044556094,
          0.7736461356572996,
          0.622026063389726
        ],
        [
          -0.11311510616344264,
          0.11311510616344264,
          0.2262303066599747,
          0.3660485164902099,
          0.4962428266444862,
          0.622026063389726,
          0.5001207796691465
        ]
      ],
      "S_row_names": [
        "x_0",
        "x_star",
        "grad_f(x_0)",
        "grad_f(x_1)",
        "grad_f(x_2)",
        "grad_f(x_3)",
        "grad_f(x_4)"
      ],
      "S_col_names": [
        "x_0",
        "x_star",
        "grad_f(x_0)",
        "grad_f(x_1)",
        "grad_f(x_2)",
        "grad_f(x_3)",
        "grad_f(x_4)"
      ],
      "basis_vectors": [
        "x_0",
        "x_star",
        "grad_f(x_0)",
        "grad_f(x_1)",
        "grad_f(x_2)",
        "grad_f(x_3)",
        "grad_f(x_4)"
      ],
      "lambda_matrix": [
        [
          0.0,
          0.10233576928833192,
          0.0,
          0.0,
          0.0,
          0.0
        ],
        [
          0.0,
          0.0,
          0.2679185142838634,
          0.0,
          0.0,
          0.0
        ],
        [
          6.978501568774161e-08,
          0.0,
          0.0,
          0.49239456603698034,
          0.0,
          0.0
        ],
        [
          0.0,
          0.0,
          0.0,
          0.0,
          0.7738900386694222,
          0.0
        ],
        [
          0.0,
          0.0,
          0.0,
          0.00012067613521493716,
          0.0,
          0.0
        ],
        [
          0.10233591176993394,
          0.16558314314692188,
          0.22447663670936555,
          0.2813746138534358,
          0.22623024058984761,
          0.0
        ]
      ],
      "lambda_row_names": [
        "x_0",
        "x_1",
        "x_2",
        "x_3",
        "x_4",
        "x_star"
      ],
      "lambda_col_names": [
        "x_0",
        "x_1",
        "x_2",
        "x_3",
        "x_4",
        "x_star"
      ]
    },
    {
      "N": 5,
      "opt_value": 0.01858694825943362,
      "tau_sol": 0.018588001939375046,
      "S_matrix": [
        [
          0.018588081878505927,
          -0.01858808187850593,
          -0.037176152540554334,
          -0.06015232288184148,
          -0.08154702728112513,
          -0.10222695882307539,
          -0.1224737805167989,
          -0.09642290043759986
        ],
        [
          -0.01858808187850593,
          0.01858808187850586,
          0.0371761525405542,
          0.06015232288184152,
          0.08154702728112517,
          0.10222695882307545,
          0.12247378051679887,
          0.09642290043759973
        ],
        [
          -0.037176152540554334,
          0.0371761525405542,
          0.07435228264819978,
          0.12030460946644744,
          0.16309400535497925,
          0.20445385596015392,
          0.24494748713022316,
          0.19284574269149946
        ],
        [
          -0.06015232288184148,
          0.06015232288184152,
          0.12030460946644744,
          0.19465709112596905,
          0.26389183925107806,
          0.33081353280807624,
          0.39633365284048394,
          0.3120311970990923
        ],
        [
          -0.08154702728112513,
          0.08154702728112517,
          0.16309400535497925,
          0.26389183925107806,
          0.35775168744431307,
          0.4484757843492897,
          0.537299802438178,
          0.4230130329693902
        ],
        [
          -0.10222695882307539,
          0.10222695882307545,
          0.20445385596015392,
          0.33081353280807624,
          0.4484757843492897,
          0.5622070732483079,
          0.6735564325372712,
          0.5302870913235016
        ],
        [
          -0.1224737805167989,
          0.12247378051679887,
          0.24494748713022316,
          0.39633365284048394,
          0.537299802438178,
          0.6735564325372712,
          0.806959373867502,
          0.6353144569824192
        ],
        [
          -0.09642290043759986,
          0.09642290043759973,
          0.19284574269149946,
          0.3120311970990923,
          0.4230130329693902,
          0.5302870913235016,
          0.6353144569824192,
          0.5001794047157803
        ]
      ],
      "S_row_names": [
        "x_0",
        "x_star",
        "grad_f(x_0)",
        "grad_f(x_1)",
        "grad_f(x_2)",
        "grad_f(x_3)",
        "grad_f(x_4)",
        "grad_f(x_5)"
      ],
      "S_col_names": [
        "x_0",
        "x_star",
        "grad_f(x_0)",
        "grad_f(x_1)",
        "grad_f(x_2)",
        "grad_f(x_3)",
        "grad_f(x_4)",
        "grad_f(x_5)"
      ],
      "basis_vectors": [
        "x_0",
        "x_star",
        "grad_f(x_0)",
        "grad_f(x_1)",
        "grad_f(x_2)",
        "grad_f(x_3)",
        "grad_f(x_4)",
        "grad_f(x_5)"
      ],
      "lambda_matrix": [
        [
          0.0,
          0.07435279208097298,
          0.0,
          0.0,
          -7.31296176519066e-18,
          0.0,
          0.0
        ],
        [
          0.0,
          0.0,
          0.1946580169199607,
          0.0,
          0.0,
          0.0,
          0.0
        ],
        [
          0.0,
          0.0,
          0.0,
          0.35775218998761776,
          4.471348067919612e-18,
          5.337663409287858e-07,
          0.0
        ],
        [
          0.0,
          1.6465757381351718e-07,
          0.0,
          0.0,
          0.5622056960747698,
          0.0,
          0.0
        ],
        [
          0.0,
          0.0,
          0.0,
          0.0,
          0.0,
          0.8073330890266379,
          -1.1209600904416111e-19
        ],
        [
          0.0,
          0.0,
          5.797459321963464e-20,
          0.0,
          0.00017972904271085655,
          0.0,
          0.0
        ],
        [
          0.07435246277345632,
          0.12030479224652724,
          0.16309420042630465,
          0.20445416944862393,
          0.24494769158942034,
          0.19284558500255897,
          0.0
        ]
      ],
      "lambda_row_names": [
        "x_0",
        "x_1",
        "x_2",
        "x_3",
        "x_4",
        "x_5",
        "x_star"
      ],
      "lambda_col_names": [
        "x_0",
        "x_1",
        "x_2",
        "x_3",
        "x_4",
        "x_5",
        "x_star"
      ]
    },
    {
      "N": 6,
      "opt_value": 0.014155392931958322,
      "tau_sol": 0.014155941566583431,
      "S_matrix": [
        [
          0.014155971221083636,
          -0.01415597122108427,
          -0.02831193526125793,
          -0.04580968250162488,
          -0.0621030163988732,
          -0.07785194521933633,
          -0.0932844638783528,
          -0.10845960790774486,
          -0.08417954008693346
        ],
        [
          -0.01415597122108427,
          0.01415597122108429,
          0.02831193526125806,
          0.04580968250162485,
          0.06210301639887327,
          0.07785194521933625,
          0.09328446387835286,
          0.10845960790774473,
          0.08417954008693357
        ],
        [
          -0.02831193526125793,
          0.02831193526125806,
          0.05662385616070167,
          0.09161934176534137,
          0.12420600129470762,
          0.15570385094666414,
          0.18656888043623288,
          0.21691916079711132,
          0.16835903747205488
        ],
        [
          -0.04580968250162488,
          0.04580968250162485,
          0.09161934176534137,
          0.14824323800363326,
          0.20096957101667645,
          0.25193417229614135,
          0.30187484884378896,
          0.35098264364260195,
          0.27241069823395986
        ],
        [
          -0.0621030163988732,
          0.06210301639887327,
          0.12420600129470762,
          0.20096957101667645,
          0.27244931383404525,
          0.3415407219421101,
          0.409244021446519,
          0.47581820443927403,
          0.3693002251009279
        ],
        [
          -0.07785194521933633,
          0.07785194521933625,
          0.15570385094666414,
          0.25193417229614135,
          0.3415407219421101,
          0.42815327043103457,
          0.513025694828784,
          0.5964826659698519,
          0.4629524065205898
        ],
        [
          -0.0932844638783528,
          0.09328446387835286,
          0.18656888043623288,
          0.30187484884378896,
          0.409244021446519,
          0.513025694828784,
          0.6147223009404786,
          0.7147228698135096,
          0.5547230312845173
        ],
        [
          -0.10845960790774486,
          0.10845960790774473,
          0.21691916079711132,
          0.35098264364260195,
          0.47581820443927403,
          0.5964826659698519,
          0.7147228698135096,
          0.8309911318540578,
          0.6449631585916855
        ],
        [
          -0.08417954008693346,
          0.08417954008693357,
          0.16835903747205488,
          0.27241069823395986,
          0.3693002251009279,
          0.4629524065205898,
          0.5547230312845173,
          0.6449631585916855,
          0.5005799219691541
        ]
      ],
      "S_row_names": [
        "x_0",
        "x_star",
        "grad_f(x_0)",
        "grad_f(x_1)",
        "grad_f(x_2)",
        "grad_f(x_3)",
        "grad_f(x_4)",
        "grad_f(x_5)",
        "grad_f(x_6)"
      ],
      "S_col_names": [
        "x_0",
        "x_star",
        "grad_f(x_0)",
        "grad_f(x_1)",
        "grad_f(x_2)",
        "grad_f(x_3)",
        "grad_f(x_4)",
        "grad_f(x_5)",
        "grad_f(x_6)"
      ],
      "basis_vectors": [
        "x_0",
        "x_star",
        "grad_f(x_0)",
        "grad_f(x_1)",
        "grad_f(x_2)",
        "grad_f(x_3)",
        "grad_f(x_4)",
        "grad_f(x_5)",
        "grad_f(x_6)"
      ],
      "lambda_matrix": [
        [
          0.0,
          0.056623955494709284,
          0.0,
          0.0,
          0.0,
          0.0,
          0.0,
          0.0
        ],
        [
          0.0,
          0.0,
          0.14824337039102847,
          0.0,
          0.0,
          0.0,
          0.0,
          0.0
        ],
        [
          0.0,
          0.0,
          0.0,
          0.272449402459504,
          0.0,
          0.0,
          0.0,
          0.0
        ],
        [
          0.0,
          0.0,
          0.0,
          0.0,
          0.42815324273248245,
          0.0,
          0.0,
          3.471630820756929e-18
        ],
        [
          0.0,
          5.862526593648781e-08,
          0.0,
          0.0,
          0.0,
          0.6147218963155754,
          0.0,
          0.0
        ],
        [
          0.0,
          0.0,
          0.0,
          0.0,
          0.0,
          0.0,
          0.8322204139895515,
          0.0
        ],
        [
          2.1948314183299108e-20,
          0.0,
          0.0,
          0.0,
          1.9130473756277705e-21,
          0.0005794304414945573,
          0.0,
          0.0
        ],
        [
          0.05662389389773894,
          0.09161938539280491,
          0.12420606016869162,
          0.15570391933614172,
          0.18656893356257784,
          0.21691926503771694,
          0.16835904127704068,
          0.0
        ]
      ],
      "lambda_row_names": [
        "x_0",
        "x_1",
        "x_2",
        "x_3",
        "x_4",
        "x_5",
        "x_6",
        "x_star"
      ],
      "lambda_col_names": [
        "x_0",
        "x_1",
        "x_2",
        "x_3",
        "x_4",
        "x_5",
        "x_6",
        "x_star"
      ]
    },
    {
      "N": 7,
      "opt_value": 0.01115684589824191,
      "tau_sol": 0.011160151201169852,
      "S_matrix": [
        [
          0.011160367211306617,
          -0.01116036721130691,
          -0.022320756196141867,
          -0.03611562073848568,
          -0.04896105204409728,
          -0.06137733019474738,
          -0.07354410639313712,
          -0.08554612942888257,
          -0.09743033585671322,
          -0.07470010706559001
        ],
        [
          -0.01116036721130691,
          0.011160367211307335,
          0.02232075619614253,
          0.036115620738486114,
          0.04896105204409775,
          0.06137733019474801,
          0.07354410639313788,
          0.08554612942888268,
          0.09743033585671214,
          0.0747001070655885
        ],
        [
          -0.022320756196141867,
          0.02232075619614253,
          0.044641561644574945,
          0.07223134768624516,
          0.09792225295838825,
          0.12275484446322267,
          0.14708844531532247,
          0.17109258808634076,
          0.1948611493586649,
          0.14940064084418284
        ],
        [
          -0.03611562073848568,
          0.036115620738486114,
          0.07223134768624516,
          0.11687254877760735,
          0.15844124873618695,
          0.19862114174585552,
          0.2379937174908859,
          0.27683344638795127,
          0.315292239143855,
          0.24173580794756108
        ],
        [
          -0.04896105204409728,
          0.04896105204409775,
          0.09792225295838825,
          0.15844124873618695,
          0.2147949202141407,
          0.26926581485956136,
          0.3226422612589279,
          0.3752963819741382,
          0.42743412148105975,
          0.32771548489095703
        ],
        [
          -0.06137733019474738,
          0.06137733019474801,
          0.12275484446322267,
          0.19862114174585552,
          0.26926581485956136,
          0.33755025130184485,
          0.40446268675290775,
          0.47046959663543053,
          0.5358291504044369,
          0.4108223687903196
        ],
        [
          -0.07354410639313712,
          0.07354410639313788,
          0.14708844531532247,
          0.2379937174908859,
          0.3226422612589279,
          0.40446268675290775,
          0.48463916947720376,
          0.563730726931817,
          0.6420467123765978,
          0.49225992846755395
        ],
        [
          -0.08554612942888257,
          0.08554612942888268,
          0.17109258808634076,
          0.27683344638795127,
          0.3752963819741382,
          0.47046959663543053,
          0.563730726931817,
          0.6557303778167872,
          0.7468284222454471,
          0.5725971313970291
        ],
        [
          -0.09743033585671322,
          0.09743033585671214,
          0.1948611493586649,
          0.315292239143855,
          0.42743412148105975,
          0.5358291504044369,
          0.6420467123765978,
          0.7468284222454471,
          0.85058420795438,
          0.6521483063207374
        ],
        [
          -0.07470010706559001,
          0.0747001070655885,
          0.14940064084418284,
          0.24173580794756108,
          0.32771548489095703,
          0.4108223687903196,
          0.49225992846755395,
          0.5725971313970291,
          0.6521483063207374,
          0.5000068837101731
        ]
      ],
      "S_row_names": [
        "x_0",
        "x_star",
        "grad_f(x_0)",
        "grad_f(x_1)",
        "grad_f(x_2)",
        "grad_f(x_3)",
        "grad_f(x_4)",
        "grad_f(x_5)",
        "grad_f(x_6)",
        "grad_f(x_7)"
      ],
      "S_col_names": [
        "x_0",
        "x_star",
        "grad_f(x_0)",
        "grad_f(x_1)",
        "grad_f(x_2)",
        "grad_f(x_3)",
        "grad_f(x_4)",
        "grad_f(x_5)",
        "grad_f(x_6)",
        "grad_f(x_7)"
      ],
      "basis_vectors": [
        "x_0",
        "x_star",
        "grad_f(x_0)",
        "grad_f(x_1)",
        "grad_f(x_2)",
        "grad_f(x_3)",
        "grad_f(x_4)",
        "grad_f(x_5)",
        "grad_f(x_6)",
        "grad_f(x_7)"
      ],
      "lambda_matrix": [
        [
          0.0,
          0.04463934632483273,
          0.0,
          0.0,
          0.0,
          0.0,
          0.0,
          0.0,
          0.0
        ],
        [
          0.0,
          0.0,
          0.11686881420688683,
          0.0,
          0.0,
          0.0,
          0.0,
          0.0,
          0.0
        ],
        [
          0.0,
          0.0,
          0.0,
          0.21479003887587114,
          0.0,
          0.0,
          0.0,
          7.007738639132698e-19,
          0.0
        ],
        [
          0.0,
          0.0,
          0.0,
          0.0,
          0.337545580260175,
          0.0,
          0.0,
          0.0,
          0.0
        ],
        [
          1.787056794346694e-18,
          0.0,
          0.0,
          0.0,
          0.0,
          0.4846369146812079,
          0.0,
          0.0,
          0.0
        ],
        [
          0.0,
          6.403484970529596e-07,
          2.715481945300579e-07,
          5.210865588759941e-07,
          0.0,
          0.0,
          0.6557355386193943,
          0.0,
          0.0
        ],
        [
          -1.7586843636211525e-19,
          0.0,
          -4.8120668936842417e-20,
          0.0,
          0.0,
          0.0,
          0.0,
          0.8506094392838441,
          0.0
        ],
        [
          0.0,
          0.0,
          0.0,
          0.0,
          0.0,
          0.0,
          9.398577291133166e-06,
          0.0,
          0.0
        ],
        [
          0.04464136342756594,
          0.07223163128257509,
          0.09792240600026504,
          0.12275485905604208,
          0.14708837187456764,
          0.17109282440099274,
          0.19486014655198364,
          0.14939967665595646,
          0.0
        ]
      ],
      "lambda_row_names": [
        "x_0",
        "x_1",
        "x_2",
        "x_3",
        "x_4",
        "x_5",
        "x_6",
        "x_7",
        "x_star"
      ],
      "lambda_col_names": [
        "x_0",
        "x_1",
        "x_2",
        "x_3",
        "x_4",
        "x_5",
        "x_6",
        "x_7",
        "x_star"
      ]
    }
  ],
  "N_verify": 4
}
