{
  "algo_name": "ogm",
  "problem_type": "smooth_convex",
  "obj_tag": "f",
  "params_json": "{\"L\": 1, \"R\": 1}",
  "performance_metric": "f(x_N) - f(x_star)",
  "initial_condition": "||x_0 - x_star||^2 <= R^2, where grad f(x_star)=0",
  "conjectured_rate": "L * R^2 / (2 * theta_N^2), with the fixed-horizon OGM theta_N recurrence",
  "setup_file": "examples_peppy/ogm/ogm_setup.py",
  "sweep_results": [
    {
      "N": 1,
      "opt_value": 0.12499891224858557,
      "tau_sol": 0.12500015649618346
    },
    {
      "N": 2,
      "opt_value": 0.0618918527616518,
      "tau_sol": 0.061894529210386184
    },
    {
      "N": 3,
      "opt_value": 0.037692043766443126,
      "tau_sol": 0.03769235485863601
    },
    {
      "N": 4,
      "opt_value": 0.02558362639363744,
      "tau_sol": 0.025583988038089762
    },
    {
      "N": 5,
      "opt_value": 0.018586948259434403,
      "tau_sol": 0.0185880019393754
    },
    {
      "N": 6,
      "opt_value": 0.014155392931955123,
      "tau_sol": 0.01415594156658368
    }
  ],
  "candidate_rate_values": [
    {
      "N": 1,
      "theta_N": 2.0,
      "rate_LR2_1": 0.125
    },
    {
      "N": 2,
      "theta_N": 2.8422356793243053,
      "rate_LR2_1": 0.06189418239776468
    },
    {
      "N": 3,
      "theta_N": 3.6421524705465673,
      "rate_LR2_1": 0.03769239720788239
    },
    {
      "N": 4,
      "theta_N": 4.420804104823752,
      "rate_LR2_1": 0.025583942049932206
    },
    {
      "N": 5,
      "theta_N": 5.1864127202260875,
      "rate_LR2_1": 0.01858813666365106
    },
    {
      "N": 6,
      "theta_N": 5.943130256071122,
      "rate_LR2_1": 0.014155965863218723
    },
    {
      "N": 7,
      "theta_N": 6.693369391494984,
      "rate_LR2_1": 0.01116041688775744
    }
  ],
  "N_verify": 4,
  "notes": [
    "Numerical PEP sweep completed for N=1..6.",
    "N=7 was attempted twice and exceeded the practical local solve window, so it is not included as a solved PEP value."
  ],
  "opt_value": 0.025582263987978804,
  "dense_opt_value": 0.02558362639363744,
  "tau_sol": 0.025583894665493635,
  "tau_formula": "1 / (2 * theta_N**2)",
  "theta_values": [
    "1",
    "1/2 + sqrt(5)/2",
    "1/2 + sqrt(1 + 4*(1/2 + sqrt(5)/2)**2)/2",
    "1/2 + sqrt(1 + 4*(1/2 + sqrt(1 + 4*(1/2 + sqrt(5)/2)**2)/2)**2)/2",
    "1/2 + sqrt(1 + 8*(1/2 + sqrt(1 + 4*(1/2 + sqrt(1 + 4*(1/2 + sqrt(5)/2)**2)/2)**2)/2)**2)/2"
  ],
  "theta_N": "1/2 + sqrt(1 + 8*(1/2 + sqrt(1 + 4*(1/2 + sqrt(1 + 4*(1/2 + sqrt(5)/2)**2)/2)**2)/2)**2)/2",
  "relaxed_constraints": [
    "f:x_1,x_1",
    "f:x_1,x_3",
    "f:x_1,x_4",
    "f:x_1,x_star",
    "f:x_1,z_0",
    "f:x_2,x_1",
    "f:x_2,x_2",
    "f:x_2,x_4",
    "f:x_2,x_star",
    "f:x_2,z_0",
    "f:x_3,x_1",
    "f:x_3,x_2",
    "f:x_3,x_3",
    "f:x_3,x_star",
    "f:x_3,z_0",
    "f:x_4,x_1",
    "f:x_4,x_2",
    "f:x_4,x_3",
    "f:x_4,x_4",
    "f:x_4,x_star",
    "f:x_4,z_0",
    "f:x_star,x_star",
    "f:z_0,x_2",
    "f:z_0,x_3",
    "f:z_0,x_4",
    "f:z_0,x_star",
    "f:z_0,z_0"
  ],
  "active_lambda_pattern": [
    "z_0 -> x_1 with 2/theta_N^2",
    "x_star -> z_0 with 2/theta_N^2",
    "x_star -> x_j for 1 <= j < N with 2*theta_j/theta_N^2",
    "x_star -> x_N with 1/theta_N",
    "x_i -> x_{i+1} for 1 <= i < N with 2*theta_i^2/theta_N^2"
  ],
  "lambda_row_names": [
    "x_1",
    "x_2",
    "x_3",
    "x_4",
    "x_star",
    "z_0"
  ],
  "lambda_col_names": [
    "x_1",
    "x_2",
    "x_3",
    "x_4",
    "x_star",
    "z_0"
  ],
  "lambda_matrix": [
    [
      0.0,
      0.26791867356241705,
      0.0,
      0.0,
      0.0,
      0.0
    ],
    [
      0.0,
      0.0,
      0.4923950332797258,
      0.0,
      0.0,
      0.0
    ],
    [
      0.0,
      0.0,
      0.0,
      0.7737974117681462,
      0.0,
      0.0
    ],
    [
      0.0,
      0.0,
      0.0,
      0.0,
      0.0,
      0.0
    ],
    [
      0.16558282690529852,
      0.22447635971684313,
      0.28140237848900634,
      0.22620258823224648,
      0.0,
      0.1023358466565191
    ],
    [
      0.10233584665669448,
      0.0,
      0.0,
      0.0,
      0.0,
      0.0
    ]
  ],
  "lambda_formula_matrix": [
    [
      0.0,
      0.2679185194117206,
      0.0,
      0.0,
      0.0,
      0.0
    ],
    [
      0.0,
      0.0,
      0.4923947987559859,
      0.0,
      0.0,
      0.0
    ],
    [
      0.0,
      0.0,
      0.0,
      0.7737968079361736,
      0.0,
      0.0
    ],
    [
      0.0,
      0.0,
      0.0,
      0.0,
      0.0,
      0.0
    ],
    [
      0.1655827512119918,
      0.22447627934426542,
      0.28140200918018743,
      0.22620319206382652,
      0.0,
      0.10233576819972878
    ],
    [
      0.10233576819972878,
      0.0,
      0.0,
      0.0,
      0.0,
      0.0
    ]
  ],
  "lambda_formula_residual_max": 6.038319726453523e-07,
  "S_matrix": [
    [
      0.025583934336764626,
      -0.025583934336764463,
      -0.05116787833267659,
      -0.08279137252019485,
      -0.1122381420590124,
      -0.14070106303764318,
      -0.11310147124849175
    ],
    [
      -0.025583934336764463,
      0.025583934336764754,
      0.05116787833267641,
      0.08279137252019486,
      0.11223814205901235,
      0.14070106303764318,
      0.1131014712484917
    ],
    [
      -0.05116787833267659,
      0.05116787833267641,
      0.10233577598365037,
      0.16558277629805448,
      0.22447632649323984,
      0.2814021791966022,
      0.22620298519814627
    ],
    [
      -0.08279137252019485,
      0.08279137252019486,
      0.16558277629805448,
      0.26791858021335435,
      0.36321035333603613,
      0.45531832479718753,
      0.36600414601830683
    ],
    [
      -0.1122381420590124,
      0.11223814205901235,
      0.22447632649323984,
      0.36321035333603613,
      0.4923949681482846,
      0.6172633846382088,
      0.4961824412920551
    ],
    [
      -0.14070106303764318,
      0.14070106303764318,
      0.2814021791966022,
      0.45531832479718753,
      0.6172633846382088,
      0.7737976840987439,
      0.6220113382997622
    ],
    [
      -0.11310147124849175,
      0.1131014712484917,
      0.22620298519814627,
      0.36600414601830683,
      0.4961824412920551,
      0.6220113382997622,
      0.4999990474565561
    ]
  ],
  "S_row_names": [
    "z_0",
    "x_star",
    "grad_f(z_0)",
    "grad_f(x_1)",
    "grad_f(x_2)",
    "grad_f(x_3)",
    "grad_f(x_4)"
  ],
  "S_col_names": [
    "z_0",
    "x_star",
    "grad_f(z_0)",
    "grad_f(x_1)",
    "grad_f(x_2)",
    "grad_f(x_3)",
    "grad_f(x_4)"
  ],
  "basis_vectors": [
    "z_0",
    "x_star",
    "grad_f(z_0)",
    "grad_f(x_1)",
    "grad_f(x_2)",
    "grad_f(x_3)",
    "grad_f(x_4)"
  ],
  "lamb_code": "\ndef is_iterate_tag(tag):\n    return tag.startswith(\"x_\") and tag != \"x_star\"\n\n\ndef lamb(ri, ci, theta=theta, theta_N=theta_N, N=N_int):\n    if ri == \"z_0\" and ci == \"x_1\":\n        return sp.S(2) / theta_N**2\n    if ri == \"x_star\" and ci == \"z_0\":\n        return sp.S(2) / theta_N**2\n    if ri == \"x_star\" and is_iterate_tag(ci):\n        j = int(ci.split(\"_\")[1])\n        return sp.S(2) * theta[j] / theta_N**2 if j < N else sp.S(1) / theta_N\n    if is_iterate_tag(ri) and is_iterate_tag(ci):\n        i = int(ri.split(\"_\")[1])\n        j = int(ci.split(\"_\")[1])\n        if j == i + 1 and i < N:\n            return sp.S(2) * theta[i]**2 / theta_N**2\n    return sp.S(0)\n",
  "S_code": "\n# Direct rank-one Gram certificate for OGM.\n# theta = ogm_theta_sequence(N_int), theta_N = theta[N_int],\n# tau = 1 / (2 * theta_N**2).\ncertificate_vector = ctx[\"z_0\"] - ctx[\"x_star\"]\nfor k in range(N_int):\n    point = ctx[\"z_0\"] if k == 0 else ctx[f\"x_{k}\"]\n    certificate_vector -= (2 * theta[k] / L) * obj.grad(point)\ncertificate_vector -= (theta_N / L) * obj.grad(ctx[f\"x_{N_int}\"])\nS_guess = tau * certificate_vector**2\n",
  "S_decomp_type": "direct_rank_one",
  "S_formula_residual_max": 9.525434438995006e-07,
  "proof_identity": "perf - tau * initial_condition - interpolation_sum + S_guess == 0",
  "proof_valid": true,
  "proof_checked_N": [
    4
  ],
  "proof_residual_max": 1.5792845865497536e-16,
  "rate": "L * R^2 / (2 * theta_N^2)",
  "rank_profile": [
    0,
    3,
    3,
    3,
    2
  ],
  "rank_tolerance": 0.0001,
  "interior_rank_constant": true,
  "interior_rank": 3,
  "lyap_inner_prod_coords": [
    [
      [
        0.0,
        0.0,
        0.0,
        0.0,
        0.0,
        0.0,
        0.0
      ],
      [
        0.0,
        0.0,
        0.0,
        0.0,
        0.0,
        0.0,
        0.0
      ],
      [
        0.0,
        0.0,
        0.0,
        0.0,
        0.0,
        0.0,
        0.0
      ],
      [
        0.0,
        0.0,
        0.0,
        0.0,
        0.0,
        0.0,
        0.0
      ],
      [
        0.0,
        0.0,
        0.0,
        0.0,
        0.0,
        0.0,
        0.0
      ],
      [
        0.0,
        0.0,
        0.0,
        0.0,
        0.0,
        0.0,
        0.0
      ],
      [
        0.0,
        0.0,
        0.0,
        0.0,
        0.0,
        0.0,
        0.0
      ]
    ],
    [
      [
        0.0,
        0.0,
        -0.05116788409986439,
        -0.0827913756059959,
        0.0,
        0.0,
        0.0
      ],
      [
        0.0,
        0.0,
        0.05116788409986439,
        0.0827913756059959,
        0.0,
        0.0,
        0.0
      ],
      [
        -0.05116788409986439,
        0.05116788409986439,
        0.10233576819972878,
        0.1655827512119918,
        0.0,
        0.0,
        0.0
      ],
      [
        -0.0827913756059959,
        0.0827913756059959,
        0.1655827512119918,
        0.1339592597058603,
        0.0,
        0.0,
        0.0
      ],
      [
        0.0,
        0.0,
        0.0,
        0.0,
        0.0,
        0.0,
        0.0
      ],
      [
        0.0,
        0.0,
        0.0,
        0.0,
        0.0,
        0.0,
        0.0
      ],
      [
        0.0,
        0.0,
        0.0,
        0.0,
        0.0,
        0.0,
        0.0
      ]
    ],
    [
      [
        0.0,
        0.0,
        -0.05116788409986439,
        -0.0827913756059959,
        -0.11223813967213271,
        0.0,
        0.0
      ],
      [
        0.0,
        0.0,
        0.05116788409986439,
        0.0827913756059959,
        0.11223813967213271,
        0.0,
        0.0
      ],
      [
        -0.05116788409986439,
        0.05116788409986439,
        0.10233576819972878,
        0.1655827512119918,
        0.2244762793442654,
        0.0,
        0.0
      ],
      [
        -0.0827913756059959,
        0.0827913756059959,
        0.1655827512119918,
        0.2679185194117206,
        0.36321024964713744,
        0.0,
        0.0
      ],
      [
        -0.11223813967213271,
        0.11223813967213271,
        0.2244762793442654,
        0.36321024964713744,
        0.246197399377993,
        0.0,
        0.0
      ],
      [
        0.0,
        0.0,
        0.0,
        0.0,
        0.0,
        0.0,
        0.0
      ],
      [
        0.0,
        0.0,
        0.0,
        0.0,
        0.0,
        0.0,
        0.0
      ]
    ],
    [
      [
        0.0,
        0.0,
        -0.05116788409986439,
        -0.0827913756059959,
        -0.11223813967213271,
        -0.14070100459009371,
        0.0
      ],
      [
        0.0,
        0.0,
        0.05116788409986439,
        0.0827913756059959,
        0.11223813967213271,
        0.14070100459009371,
        0.0
      ],
      [
        -0.05116788409986439,
        0.05116788409986439,
        0.10233576819972878,
        0.1655827512119918,
        0.2244762793442654,
        0.28140200918018743,
        0.0
      ],
      [
        -0.0827913756059959,
        0.0827913756059959,
        0.1655827512119918,
        0.2679185194117206,
        0.36321024964713744,
        0.45531801535605315,
        0.0
      ],
      [
        -0.11223813967213271,
        0.11223813967213271,
        0.2244762793442654,
        0.36321024964713744,
        0.49239479875598596,
        0.6172629290033189,
        0.0
      ],
      [
        -0.14070100459009371,
        0.14070100459009371,
        0.28140200918018743,
        0.45531801535605315,
        0.6172629290033189,
        0.38689840396808667,
        0.0
      ],
      [
        0.0,
        0.0,
        0.0,
        0.0,
        0.0,
        0.0,
        0.0
      ]
    ],
    [
      [
        0.0,
        0.0,
        -0.05116788409986439,
        -0.0827913756059959,
        -0.11223813967213271,
        -0.14070100459009371,
        -0.11310159603191326
      ],
      [
        0.0,
        0.0,
        0.05116788409986439,
        0.0827913756059959,
        0.11223813967213271,
        0.14070100459009371,
        0.11310159603191326
      ],
      [
        -0.05116788409986439,
        0.05116788409986439,
        0.10233576819972878,
        0.1655827512119918,
        0.2244762793442654,
        0.28140200918018743,
        0.22620319206382644
      ],
      [
        -0.0827913756059959,
        0.0827913756059959,
        0.1655827512119918,
        0.2679185194117206,
        0.36321024964713744,
        0.45531801535605315,
        0.3660044531229917
      ],
      [
        -0.11223813967213271,
        0.11223813967213271,
        0.2244762793442654,
        0.36321024964713744,
        0.49239479875598596,
        0.6172629290033189,
        0.4961828285803459
      ],
      [
        -0.14070100459009371,
        0.14070100459009371,
        0.28140200918018743,
        0.45531801535605315,
        0.6172629290033189,
        0.7737968079361734,
        0.622011578644712
      ],
      [
        -0.11310159603191326,
        0.11310159603191326,
        0.22620319206382644,
        0.3660044531229917,
        0.4961828285803459,
        0.622011578644712,
        0.5
      ]
    ]
  ],
  "grouping_code": "\nlyap = [pf.Scalar.zero()]\npartial_sum = lamb_val(\"x_star\", \"z_0\") * obj.interp_ineq(\"x_star\", \"z_0\")\n\nfor step in range(N_int):\n    if step == 0:\n        partial_sum += lamb_val(\"z_0\", \"x_1\") * obj.interp_ineq(\"z_0\", \"x_1\")\n    else:\n        partial_sum += lamb_val(f\"x_{step}\", f\"x_{step + 1}\") * obj.interp_ineq(\n            f\"x_{step}\", f\"x_{step + 1}\"\n        )\n\n    partial_sum += lamb_val(\"x_star\", f\"x_{step + 1}\") * obj.interp_ineq(\n        \"x_star\", f\"x_{step + 1}\"\n    )\n    lyap.append(partial_sum)\n",
  "grouped_terms": [
    {
      "step": 0,
      "terms": [
        [
          "x_star",
          "z_0",
          0.10233576819972878
        ],
        [
          "z_0",
          "x_1",
          0.10233576819972878
        ],
        [
          "x_star",
          "x_1",
          0.1655827512119918
        ]
      ]
    },
    {
      "step": 1,
      "terms": [
        [
          "x_1",
          "x_2",
          0.2679185194117206
        ],
        [
          "x_star",
          "x_2",
          0.22447627934426542
        ]
      ]
    },
    {
      "step": 2,
      "terms": [
        [
          "x_2",
          "x_3",
          0.4923947987559859
        ],
        [
          "x_star",
          "x_3",
          0.28140200918018743
        ]
      ]
    },
    {
      "step": 3,
      "terms": [
        [
          "x_3",
          "x_4",
          0.7737968079361736
        ],
        [
          "x_star",
          "x_4",
          0.22620319206382652
        ]
      ]
    }
  ],
  "grouping_description": "Use positive smooth-convex interpolation residuals. Start with the initial boundary term (x_star, z_0). At step 0 add (z_0, x_1) and (x_star, x_1). At step k>=1 add (x_k, x_{k+1}) and (x_star, x_{k+1}). Since each interpolation residual is <= 0, V_{k+1} - V_k <= 0.",
  "extra_duals": {},
  "S_piece_code": "S is kept as the rank-one boundary term from Block 2; no per-step S pieces are subtracted in V_k.",
  "coverage_rank": 2,
  "coverage_note": "V_N has rank 2. The remaining boundary identity combines V_N with the rank-one S term, the objective-rate expression, and the final certificate boundary terms."
}