{
  "algo_name": "gd_recover",
  "problem_type": "smooth_convex",
  "obj_tag": "f",
  "params_json": "{\"L\": 1, \"R\": 1}",
  "performance_metric": "f(x_N) - f(x_star)",
  "initial_condition": "||x_0 - x_star||^2 <= R^2, where grad f(x_star)=0",
  "conjectured_rate": "L * R^2 / (4 * N + 2)",
  "setup_file": "examples_peppy/gd_recover/gd_recover_setup.py",
  "sweep_results": [
    {
      "N": 1,
      "opt_value": 0.16666647215955557,
      "tau_sol": 0.16666666265975044,
      "S_matrix": [
        [
          0.16666666698366886,
          -0.16666666698366872,
          -0.22762463035693137,
          -0.27237536949005287
        ],
        [
          -0.16666666698366872,
          0.16666666698366916,
          0.22762463035693117,
          0.27237536949005287
        ],
        [
          -0.22762463035693137,
          0.22762463035693117,
          0.4552490934946929,
          0.22762275977149277
        ],
        [
          -0.27237536949005287,
          0.27237536949005287,
          0.22762275977149277,
          0.5895053832199291
        ]
      ],
      "S_row_names": [
        "x_0",
        "x_star",
        "grad_f(x_0)",
        "grad_f(x_1)"
      ],
      "S_col_names": [
        "x_0",
        "x_star",
        "grad_f(x_0)",
        "grad_f(x_1)"
      ],
      "basis_vectors": [
        "x_0",
        "x_star",
        "grad_f(x_0)",
        "grad_f(x_1)"
      ],
      "lambda_matrix": [
        [
          0.0,
          0.5447544851727892,
          0.0
        ],
        [
          0.08950531046505161,
          0.0,
          0.0
        ],
        [
          0.45524916153582007,
          0.5447508355735625,
          0.0
        ]
      ],
      "lambda_row_names": [
        "x_0",
        "x_1",
        "x_star"
      ],
      "lambda_col_names": [
        "x_0",
        "x_1",
        "x_star"
      ]
    },
    {
      "N": 2,
      "opt_value": 0.09999778825848792,
      "tau_sol": 0.09999995731008565,
      "S_matrix": [
        [
          0.10000002196681049,
          -0.10000002196681054,
          -0.11999474753379466,
          -0.17225644183291727,
          -0.20774882347224655
        ],
        [
          -0.10000002196681054,
          0.10000002196681049,
          0.11999474753379467,
          0.17225644183291733,
          0.20774882347224669
        ],
        [
          -0.11999474753379466,
          0.11999474753379467,
          0.23998944632443164,
          0.15510118041328394,
          0.20488349251862964
        ],
        [
          -0.17225644183291727,
          0.17225644183291733,
          0.15510118041328394,
          0.45005519636319025,
          0.25611757127972073
        ],
        [
          -0.20774882347224655,
          0.20774882347224669,
          0.20488349251862964,
          0.25611757127972073,
          0.5777504485987848
        ]
      ],
      "S_row_names": [
        "x_0",
        "x_star",
        "grad_f(x_0)",
        "grad_f(x_1)",
        "grad_f(x_2)"
      ],
      "S_col_names": [
        "x_0",
        "x_star",
        "grad_f(x_0)",
        "grad_f(x_1)",
        "grad_f(x_2)"
      ],
      "basis_vectors": [
        "x_0",
        "x_star",
        "grad_f(x_0)",
        "grad_f(x_1)",
        "grad_f(x_2)"
      ],
      "lambda_matrix": [
        [
          0.0,
          0.10554316273475571,
          0.16875593143488807,
          0.0
        ],
        [
          0.028578294461226495,
          0.0,
          0.4934961537848281,
          -6.463263816587347e-18
        ],
        [
          0.0057313570325426035,
          0.07201890201959175,
          0.0,
          0.0
        ],
        [
          0.23998946764049137,
          0.3445122838924426,
          0.41549816607655177,
          0.0
        ]
      ],
      "lambda_row_names": [
        "x_0",
        "x_1",
        "x_2",
        "x_star"
      ],
      "lambda_col_names": [
        "x_0",
        "x_1",
        "x_2",
        "x_star"
      ]
    },
    {
      "N": 3,
      "opt_value": 0.07142958122711231,
      "tau_sol": 0.07142867469472916,
      "S_matrix": [
        [
          0.07142863934895582,
          -0.07142863934895587,
          -0.08062332300350779,
          -0.10492776639202146,
          -0.1467924151012823,
          -0.16765684154502633
        ],
        [
          -0.07142863934895587,
          0.07142863934895587,
          0.08062332300350779,
          0.10492776639202146,
          0.1467924151012823,
          0.16765684154502633
        ],
        [
          -0.08062332300350779,
          0.08062332300350779,
          0.16124659717366638,
          0.09603261751827806,
          0.139450272964181,
          0.1676336828680183
        ],
        [
          -0.10492776639202146,
          0.10492776639202146,
          0.09603261751827806,
          0.27183445806133727,
          0.18594360025009704,
          0.18068208182115178
        ],
        [
          -0.1467924151012823,
          0.1467924151012823,
          0.139450272964181,
          0.18594360025009704,
          0.4561675335184296,
          0.24598113882267378
        ],
        [
          -0.16765684154502633,
          0.16765684154502633,
          0.1676336828680183,
          0.18068208182115178,
          0.24598113882267378,
          0.579306139420331
        ]
      ],
      "S_row_names": [
        "x_0",
        "x_star",
        "grad_f(x_0)",
        "grad_f(x_1)",
        "grad_f(x_2)",
        "grad_f(x_3)"
      ],
      "S_col_names": [
        "x_0",
        "x_star",
        "grad_f(x_0)",
        "grad_f(x_1)",
        "grad_f(x_2)",
        "grad_f(x_3)"
      ],
      "basis_vectors": [
        "x_0",
        "x_star",
        "grad_f(x_0)",
        "grad_f(x_1)",
        "grad_f(x_2)",
        "grad_f(x_3)"
      ],
      "lambda_matrix": [
        [
          0.0,
          0.06197900800736977,
          0.09100744368405402,
          0.026050246889553524,
          0.0
        ],
        [
          0.003106276642036613,
          0.0,
          0.07157560553150948,
          0.2098571559692412,
          -5.317569852967748e-18
        ],
        [
          0.014637262348812626,
          0.012704602476895107,
          0.0,
          0.5080846948008982,
          0.0
        ],
        [
          4.666742924552945e-05,
          -1.76337712290973e-23,
          0.07925909235646292,
          0.0,
          0.0
        ],
        [
          0.1612466057812858,
          0.20985546619430684,
          0.29358455892630486,
          0.33531395981314704,
          0.0
        ]
      ],
      "lambda_row_names": [
        "x_0",
        "x_1",
        "x_2",
        "x_3",
        "x_star"
      ],
      "lambda_col_names": [
        "x_0",
        "x_1",
        "x_2",
        "x_3",
        "x_star"
      ]
    },
    {
      "N": 4,
      "opt_value": 0.05555562600367351,
      "tau_sol": 0.05555557330346941,
      "S_matrix": [
        [
          0.055555569770538625,
          -0.05555556977053859,
          -0.06146446724643166,
          -0.07492892307336355,
          -0.09161489577108786,
          -0.12829629698399,
          -0.14369549047100338
        ],
        [
          -0.05555556977053859,
          0.05555556977053851,
          0.06146446724643172,
          0.07492892307336352,
          0.09161489577108782,
          0.12829629698398992,
          0.1436954904710034
        ],
        [
          -0.06146446724643166,
          0.06146446724643172,
          0.12292889957467949,
          0.06685663964401335,
          0.09140248134801558,
          0.12829620197991948,
          0.14369556740033343
        ],
        [
          -0.07492892307336355,
          0.07492892307336352,
          0.06685663964401335,
          0.21272088127760103,
          0.0999241427823888,
          0.15116134647177096,
          0.14369558996691473
        ],
        [
          -0.09161489577108786,
          0.09161489577108782,
          0.09140248134801558,
          0.0999241427823888,
          0.2708998604858355,
          0.18414379703131767,
          0.17816145625662907
        ],
        [
          -0.12829629698399,
          0.12829629698398992,
          0.12829620197991948,
          0.15116134647177096,
          0.18414379703131767,
          0.44642405741777597,
          0.24463704814896686
        ],
        [
          -0.14369549047100338,
          0.1436954904710034,
          0.14369556740033343,
          0.14369558996691473,
          0.17816145625662907,
          0.24463704814896686,
          0.5830779319277944
        ]
      ],
      "S_row_names": [
        "x_0",
        "x_star",
        "grad_f(x_0)",
        "grad_f(x_1)",
        "grad_f(x_2)",
        "grad_f(x_3)",
        "grad_f(x_4)"
      ],
      "S_col_names": [
        "x_0",
        "x_star",
        "grad_f(x_0)",
        "grad_f(x_1)",
        "grad_f(x_2)",
        "grad_f(x_3)",
        "grad_f(x_4)"
      ],
      "basis_vectors": [
        "x_0",
        "x_star",
        "grad_f(x_0)",
        "grad_f(x_1)",
        "grad_f(x_2)",
        "grad_f(x_3)",
        "grad_f(x_4)"
      ],
      "lambda_matrix": [
        [
          0.0,
          0.06286309772247899,
          0.023549305403552316,
          0.05266093718754844,
          -5.746912861262897e-23,
          4.5074918411652504e-18
        ],
        [
          0.015719757531436146,
          0.0,
          0.06412084565056433,
          0.07087926330753685,
          0.06893173811548788,
          0.0
        ],
        [
          0.00042466730764329457,
          9.792270181443585e-25,
          0.0,
          0.06629137353483704,
          0.21602891188476003,
          0.0
        ],
        [
          0.0,
          0.006930686975807273,
          0.011845043627964872,
          0.0,
          0.5107260613394345,
          0.0
        ],
        [
          8.543999870885514e-09,
          2.2768055664815836e-09,
          0.0,
          0.08307775432993253,
          0.0,
          0.0
        ],
        [
          0.12292890578076211,
          0.14985779479278338,
          0.1832297242182778,
          0.2565925033508231,
          0.2873911430014115,
          0.0
        ]
      ],
      "lambda_row_names": [
        "x_0",
        "x_1",
        "x_2",
        "x_3",
        "x_4",
        "x_star"
      ],
      "lambda_col_names": [
        "x_0",
        "x_1",
        "x_2",
        "x_3",
        "x_4",
        "x_star"
      ]
    },
    {
      "N": 5,
      "opt_value": 0.04545413917119227,
      "tau_sol": 0.04545458409813426,
      "S_matrix": [
        [
          0.04545463026069827,
          -0.04545463026069831,
          -0.04896085137386969,
          -0.05828473645605633,
          -0.06812291876565814,
          -0.08304509230481061,
          -0.11521442245770117,
          -0.12637233249495028
        ],
        [
          -0.04545463026069831,
          0.04545463026069821,
          0.04896085137386967,
          0.05828473645605633,
          0.06812291876565814,
          0.08304509230481058,
          0.11521442245770115,
          0.12637233249495022
        ],
        [
          -0.04896085137386969,
          0.04896085137386967,
          0.09792124001475733,
          0.05024393672598559,
          0.06585034107623111,
          0.08296355616344926,
          0.11521413699367222,
          0.12637323416218024
        ],
        [
          -0.05828473645605633,
          0.05828473645605633,
          0.05024393672598559,
          0.16792967159320263,
          0.07623131566259515,
          0.09529077438926993,
          0.12504908539302667,
          0.12637345206066275
        ],
        [
          -0.06812291876565814,
          0.06812291876565814,
          0.06585034107623111,
          0.07623131566259515,
          0.22210458689104606,
          0.10676142946272459,
          0.1520035495301338,
          0.12637356991198667
        ],
        [
          -0.08304509230481061,
          0.08304509230481058,
          0.08296355616344926,
          0.09529077438926993,
          0.10676142946272459,
          0.2725603955430644,
          0.1800740560777411,
          0.17582191855999244
        ],
        [
          -0.11521442245770117,
          0.11521442245770115,
          0.11521413699367222,
          0.12504908539302667,
          0.1520035495301338,
          0.1800740560777411,
          0.45035508933926416,
          0.24462617090180894
        ],
        [
          -0.12637233249495028,
          0.12637233249495022,
          0.12637323416218024,
          0.12637345206066275,
          0.12637356991198667,
          0.17582191855999244,
          0.24462617090180894,
          0.590625527519589
        ]
      ],
      "S_row_names": [
        "x_0",
        "x_star",
        "grad_f(x_0)",
        "grad_f(x_1)",
        "grad_f(x_2)",
        "grad_f(x_3)",
        "grad_f(x_4)",
        "grad_f(x_5)"
      ],
      "S_col_names": [
        "x_0",
        "x_star",
        "grad_f(x_0)",
        "grad_f(x_1)",
        "grad_f(x_2)",
        "grad_f(x_3)",
        "grad_f(x_4)",
        "grad_f(x_5)"
      ],
      "basis_vectors": [
        "x_0",
        "x_star",
        "grad_f(x_0)",
        "grad_f(x_1)",
        "grad_f(x_2)",
        "grad_f(x_3)",
        "grad_f(x_4)",
        "grad_f(x_5)"
      ],
      "lambda_matrix": [
        [
          0.0,
          0.05136061330053535,
          0.018478751073259775,
          0.0244924422520049,
          0.019669893362343434,
          0.0,
          0.0
        ],
        [
          0.011536577007781029,
          0.0,
          0.0673805458326347,
          0.030152615131450348,
          0.06112085458018101,
          0.0,
          0.0
        ],
        [
          0.004382075129490773,
          0.0022608712294877858,
          0.0,
          0.05182569312911353,
          0.07195107110324803,
          0.09889676403172487,
          0.0
        ],
        [
          0.00016261435198191575,
          6.235888182180984e-07,
          1.382648164305948e-23,
          0.0,
          0.06718507795537867,
          0.22823411917330408,
          0.0
        ],
        [
          0.0,
          0.0,
          0.007211753840795232,
          0.023021745114445314,
          0.0,
          0.5107474172535917,
          0.0
        ],
        [
          0.0,
          9.80244603739593e-23,
          0.0,
          0.0,
          0.09062566691791,
          0.0,
          0.0
        ],
        [
          0.09792131250086378,
          0.11656912337720014,
          0.13624537552284058,
          0.16608972934198246,
          0.23042829403682294,
          0.2527460404703063,
          0.0
        ]
      ],
      "lambda_row_names": [
        "x_0",
        "x_1",
        "x_2",
        "x_3",
        "x_4",
        "x_5",
        "x_star"
      ],
      "lambda_col_names": [
        "x_0",
        "x_1",
        "x_2",
        "x_3",
        "x_4",
        "x_5",
        "x_star"
      ]
    },
    {
      "N": 6,
      "opt_value": 0.03846167786261405,
      "tau_sol": 0.03846155503260675,
      "S_matrix": [
        [
          0.03846155226765973,
          -0.03846155226765973,
          -0.040921703605276756,
          -0.04705583411496248,
          -0.05434915478451982,
          -0.0625490505682881,
          -0.07653183787701769,
          -0.10525207980480084,
          -0.11334041511556975
        ],
        [
          -0.03846155226765973,
          0.0384615522676595,
          0.04092170360527678,
          0.04705583411496249,
          0.054349154784519835,
          0.06254905056828813,
          0.07653183787701774,
          0.10525207980480089,
          0.11334041511556978
        ],
        [
          -0.040921703605276756,
          0.04092170360527678,
          0.08184335912041893,
          0.04201299589310096,
          0.05045930078317842,
          0.06254135422710966,
          0.07653175962819422,
          0.10525199977003145,
          0.11334053981187404
        ],
        [
          -0.04705583411496248,
          0.04705583411496249,
          0.04201299589310096,
          0.13991169005418175,
          0.05828475591938788,
          0.06866614886404776,
          0.08416728733385517,
          0.10533923283535175,
          0.1133405772540761
        ],
        [
          -0.05434915478451982,
          0.054349154784519835,
          0.05045930078317842,
          0.05828475591938788,
          0.17721964787570244,
          0.08375389834828921,
          0.09969999695541062,
          0.12377405684213187,
          0.11334060253198175
        ],
        [
          -0.0625490505682881,
          0.06254905056828813,
          0.06254135422710966,
          0.06866614886404776,
          0.08375389834828921,
          0.22518039252366473,
          0.10738997354620318,
          0.15061838574480332,
          0.11497729198147238
        ],
        [
          -0.07653183787701769,
          0.07653183787701774,
          0.07653175962819422,
          0.08416728733385517,
          0.09969999695541062,
          0.10738997354620318,
          0.27111374733658256,
          0.18020120650639448,
          0.17580294203537808
        ],
        [
          -0.10525207980480084,
          0.10525207980480089,
          0.10525199977003145,
          0.10533923283535175,
          0.12377405684213187,
          0.15061838574480332,
          0.18020120650639448,
          0.4583242303492415,
          0.24475792484181316
        ],
        [
          -0.11334041511556975,
          0.11334041511556978,
          0.11334053981187404,
          0.1133405772540761,
          0.11334060253198175,
          0.11497729198147238,
          0.17580294203537808,
          0.24475792484181316,
          0.5979021139969369
        ]
      ],
      "S_row_names": [
        "x_0",
        "x_star",
        "grad_f(x_0)",
        "grad_f(x_1)",
        "grad_f(x_2)",
        "grad_f(x_3)",
        "grad_f(x_4)",
        "grad_f(x_5)",
        "grad_f(x_6)"
      ],
      "S_col_names": [
        "x_0",
        "x_star",
        "grad_f(x_0)",
        "grad_f(x_1)",
        "grad_f(x_2)",
        "grad_f(x_3)",
        "grad_f(x_4)",
        "grad_f(x_5)",
        "grad_f(x_6)"
      ],
      "basis_vectors": [
        "x_0",
        "x_star",
        "grad_f(x_0)",
        "grad_f(x_1)",
        "grad_f(x_2)",
        "grad_f(x_3)",
        "grad_f(x_4)",
        "grad_f(x_5)",
        "grad_f(x_6)"
      ],
      "lambda_matrix": [
        [
          0.0,
          0.04580008748555031,
          0.018448849302456195,
          0.012234387109839111,
          0.015271065950030178,
          0.00017447823262030886,
          0.0,
          0.0
        ],
        [
          0.002305983687460328,
          0.0,
          0.05007256991185677,
          0.030175525545868474,
          0.031065445044155912,
          0.03686966391317723,
          -8.738962511156008e-23,
          0.0
        ],
        [
          0.007764334667179863,
          0.0105774758612403,
          0.0,
          0.05767247898583294,
          0.02981169712312625,
          0.06812041596244155,
          0.0032733761487838907,
          0.0
        ],
        [
          1.52224031039633e-05,
          9.749698749391588e-09,
          0.0,
          0.0,
          0.04190194993799536,
          0.07604377703848075,
          0.12165129410776214,
          0.0
        ],
        [
          0.0,
          0.0,
          0.0,
          0.0,
          0.0,
          0.06661184007366829,
          0.2358118448918689,
          0.0
        ],
        [
          4.2401153818054394e-23,
          0.0,
          0.0,
          0.014431797331155571,
          0.03130993884698992,
          0.0,
          0.5104843466255266,
          0.0
        ],
        [
          4.1278841800372414e-23,
          0.0,
          -4.369481255578004e-23,
          0.0,
          0.0,
          0.09790190382080138,
          0.0,
          0.0
        ],
        [
          0.08184336547598868,
          0.09411161126706886,
          0.10869823939271352,
          0.12509801419304242,
          0.15306360075450653,
          0.2105040690032293,
          0.22668107615744026,
          0.0
        ]
      ],
      "lambda_row_names": [
        "x_0",
        "x_1",
        "x_2",
        "x_3",
        "x_4",
        "x_5",
        "x_6",
        "x_star"
      ],
      "lambda_col_names": [
        "x_0",
        "x_1",
        "x_2",
        "x_3",
        "x_4",
        "x_5",
        "x_6",
        "x_star"
      ]
    },
    {
      "N": 7,
      "opt_value": 0.03333327804360977,
      "tau_sol": 0.03333334679161302,
      "S_matrix": [
        [
          0.033333349321562594,
          -0.03333334932156254,
          -0.0352395867513933,
          -0.0396683409337978,
          -0.044751910595139104,
          -0.050949599199274775,
          -0.058134342307349374,
          -0.0707260429132766,
          -0.09688772458040557,
          -0.10364256540351627
        ],
        [
          -0.03333334932156254,
          0.03333334932156246,
          0.03523958675139333,
          0.039668340933797785,
          0.044751910595139145,
          0.050949599199274796,
          0.05813434230734942,
          0.0707260429132766,
          0.09688772458040554,
          0.10364256540351632
        ],
        [
          -0.0352395867513933,
          0.03523958675139333,
          0.07047908540644154,
          0.036153377749286536,
          0.04295079042995674,
          0.049620053609988585,
          0.058133211954409625,
          0.0707259739625041,
          0.09688766325250556,
          0.10364268074988942
        ],
        [
          -0.0396683409337978,
          0.039668340933797785,
          0.036153377749286536,
          0.1188193973409839,
          0.05218467388128847,
          0.05358359910291463,
          0.06180566454360262,
          0.07193609069924393,
          0.09689607426331176,
          0.1036427192038572
        ],
        [
          -0.044751910595139104,
          0.044751910595139145,
          0.04295079042995674,
          0.05218467388128847,
          0.14958190359721818,
          0.06497190445550229,
          0.07293255687425326,
          0.08433526785828428,
          0.10067188570284635,
          0.10364274647406718
        ],
        [
          -0.050949599199274775,
          0.050949599199274796,
          0.049620053609988585,
          0.05358359910291463,
          0.06497190445550229,
          0.18052266554434443,
          0.08738479140428622,
          0.10127961445044158,
          0.12322703756835302,
          0.10364276202458424
        ],
        [
          -0.058134342307349374,
          0.05813434230734942,
          0.058133211954409625,
          0.06180566454360262,
          0.07293255687425326,
          0.08738479140428622,
          0.22215049213593316,
          0.10575828243958971,
          0.1491898158786843,
          0.11464639543047479
        ],
        [
          -0.0707260429132766,
          0.0707260429132766,
          0.0707259739625041,
          0.07193609069924393,
          0.08433526785828428,
          0.10127961445044158,
          0.10575828243958971,
          0.26698374012158405,
          0.18170091881877334,
          0.1781623448621148
        ],
        [
          -0.09688772458040557,
          0.09688772458040554,
          0.09688766325250556,
          0.09689607426331176,
          0.10067188570284635,
          0.12322703756835302,
          0.1491898158786843,
          0.18170091881877334,
          0.45972302499621936,
          0.24500770462442364
        ],
        [
          -0.10364256540351627,
          0.10364256540351632,
          0.10364268074988942,
          0.1036427192038572,
          0.10364274647406718,
          0.10364276202458424,
          0.11464639543047479,
          0.1781623448621148,
          0.24500770462442364,
          0.6023062805235672
        ]
      ],
      "S_row_names": [
        "x_0",
        "x_star",
        "grad_f(x_0)",
        "grad_f(x_1)",
        "grad_f(x_2)",
        "grad_f(x_3)",
        "grad_f(x_4)",
        "grad_f(x_5)",
        "grad_f(x_6)",
        "grad_f(x_7)"
      ],
      "S_col_names": [
        "x_0",
        "x_star",
        "grad_f(x_0)",
        "grad_f(x_1)",
        "grad_f(x_2)",
        "grad_f(x_3)",
        "grad_f(x_4)",
        "grad_f(x_5)",
        "grad_f(x_6)",
        "grad_f(x_7)"
      ],
      "basis_vectors": [
        "x_0",
        "x_star",
        "grad_f(x_0)",
        "grad_f(x_1)",
        "grad_f(x_2)",
        "grad_f(x_3)",
        "grad_f(x_4)",
        "grad_f(x_5)",
        "grad_f(x_6)",
        "grad_f(x_7)"
      ],
      "lambda_matrix": [
        [
          0.0,
          0.03948278430389872,
          0.01999455239419214,
          0.008247938206545086,
          0.00734649511135971,
          0.002420239976094305,
          1.6825571441856046e-05,
          0.0,
          0.0
        ],
        [
          0.003427682822149484,
          0.0,
          0.04008359562667786,
          0.02574940128333836,
          0.02233761186636709,
          0.024798363184082396,
          0.0075516292361924526,
          0.0,
          -3.204910284321149e-18
        ],
        [
          0.0009431697629542933,
          0.0021491080337767807,
          0.0,
          0.04462621388093448,
          0.028816980821127255,
          0.033888713669770226,
          0.045110318286818454,
          -1.579563436781032e-22,
          0.0
        ],
        [
          0.002656809763605357,
          0.002976067051327294,
          0.005865030424413272,
          0.0,
          0.047380785238233684,
          0.028334314456358162,
          0.07130255363942434,
          0.022007245124133903,
          0.0
        ],
        [
          2.118552931011849e-06,
          3.7019833056398167e-06,
          8.752032237396887e-05,
          -5.569988546578814e-24,
          0.0,
          0.036090084273170675,
          0.0783122675012789,
          0.12703189643378263,
          3.204910284321149e-18
        ],
        [
          1.9420887664644714e-08,
          0.0,
          0.0,
          0.0,
          0.0,
          0.0,
          0.06365404359153085,
          0.2359967562993887,
          0.0
        ],
        [
          0.0,
          0.0,
          1.97445429597629e-23,
          0.0,
          0.019377053648014092,
          0.03266711769895506,
          0.0,
          0.5099848084395383,
          0.0
        ],
        [
          4.2698398054121565e-08,
          1.28408851049794e-08,
          0.0,
          0.0,
          2.043080806486556e-23,
          0.0,
          0.10230605550995306,
          0.0,
          0.0
        ],
        [
          0.07047909581095498,
          0.07933662117486326,
          0.08950376333565342,
          0.10189912235775354,
          0.11626862684651906,
          0.14145203180954152,
          0.19377539450249945,
          0.2072853671424229,
          0.0
        ]
      ],
      "lambda_row_names": [
        "x_0",
        "x_1",
        "x_2",
        "x_3",
        "x_4",
        "x_5",
        "x_6",
        "x_7",
        "x_star"
      ],
      "lambda_col_names": [
        "x_0",
        "x_1",
        "x_2",
        "x_3",
        "x_4",
        "x_5",
        "x_6",
        "x_7",
        "x_star"
      ]
    }
  ],
  "N_verify": 4,
  "opt_value": 0.05555554834030343,
  "dense_opt_value": 0.05555562600367351,
  "tau_sol": 0.055555555839900225,
  "tau_formula": "1 / (4 * N + 2)",
  "relaxed_constraints": [
    "f:x_0,x_0",
    "f:x_0,x_2",
    "f:x_0,x_3",
    "f:x_0,x_4",
    "f:x_0,x_star",
    "f:x_1,x_0",
    "f:x_1,x_1",
    "f:x_1,x_3",
    "f:x_1,x_4",
    "f:x_1,x_star",
    "f:x_2,x_0",
    "f:x_2,x_1",
    "f:x_2,x_2",
    "f:x_2,x_4",
    "f:x_2,x_star",
    "f:x_3,x_0",
    "f:x_3,x_1",
    "f:x_3,x_2",
    "f:x_3,x_3",
    "f:x_3,x_star",
    "f:x_4,x_0",
    "f:x_4,x_1",
    "f:x_4,x_2",
    "f:x_4,x_3",
    "f:x_4,x_4",
    "f:x_4,x_star"
  ],
  "active_constraints": [
    "f:x_0,x_1",
    "f:x_1,x_2",
    "f:x_2,x_3",
    "f:x_3,x_4",
    "f:x_star,x_0",
    "f:x_star,x_1",
    "f:x_star,x_2",
    "f:x_star,x_3",
    "f:x_star,x_4",
    "f:x_star,x_star"
  ],
  "lambda_row_names": [
    "x_0",
    "x_1",
    "x_2",
    "x_3",
    "x_4",
    "x_star"
  ],
  "lambda_col_names": [
    "x_0",
    "x_1",
    "x_2",
    "x_3",
    "x_4",
    "x_star"
  ],
  "lambda_matrix": [
    [
      0.0,
      0.12499999813215341,
      0.0,
      0.0,
      0.0,
      0.0
    ],
    [
      0.0,
      0.0,
      0.2857142985284252,
      0.0,
      0.0,
      0.0
    ],
    [
      0.0,
      0.0,
      0.0,
      0.5000000375065803,
      0.0,
      0.0
    ],
    [
      0.0,
      0.0,
      0.0,
      0.0,
      0.8000000625764394,
      0.0
    ],
    [
      0.0,
      0.0,
      0.0,
      0.0,
      0.0,
      0.0
    ],
    [
      0.12499999813214815,
      0.16071430039626722,
      0.21428573897815764,
      0.3000000250698725,
      0.19999993742355707,
      0.0
    ]
  ],
  "S_matrix": [
    [
      0.055555555977177436,
      -0.05555555597717735,
      -0.06250000142972477,
      -0.08035715078018899,
      -0.10714286931040144,
      -0.15000001222946618,
      -0.0999999679309514
    ],
    [
      -0.05555555597717735,
      0.055555555977177276,
      0.06250000142972478,
      0.080357150780189,
      0.10714286931040144,
      0.15000001222946616,
      0.0999999679309513
    ],
    [
      -0.06250000142972477,
      0.06250000142972478,
      0.12499999707629786,
      0.0803571495383015,
      0.10714286899862777,
      0.15000001207979144,
      0.0999999683353153
    ],
    [
      -0.08035715078018899,
      0.080357150780189,
      0.0803571495383015,
      0.28571429826461064,
      0.1071428693946085,
      0.1500000124766774,
      0.09999996872943995
    ],
    [
      -0.10714286931040144,
      0.10714286931040144,
      0.10714286899862777,
      0.1071428693946085,
      0.5000000375810588,
      0.15000001264994547,
      0.09999996889127162
    ],
    [
      -0.15000001222946618,
      0.15000001222946616,
      0.15000001207979144,
      0.1500000124766774,
      0.15000001264994547,
      0.8000000627516851,
      0.09999996884873545
    ],
    [
      -0.0999999679309514,
      0.0999999679309513,
      0.0999999683353153,
      0.09999996872943995,
      0.09999996889127162,
      0.09999996884873545,
      0.5000000005428368
    ]
  ],
  "S_row_names": [
    "x_0",
    "x_star",
    "grad_f(x_0)",
    "grad_f(x_1)",
    "grad_f(x_2)",
    "grad_f(x_3)",
    "grad_f(x_4)"
  ],
  "S_col_names": [
    "x_0",
    "x_star",
    "grad_f(x_0)",
    "grad_f(x_1)",
    "grad_f(x_2)",
    "grad_f(x_3)",
    "grad_f(x_4)"
  ],
  "basis_vectors": [
    "x_0",
    "x_star",
    "grad_f(x_0)",
    "grad_f(x_1)",
    "grad_f(x_2)",
    "grad_f(x_3)",
    "grad_f(x_4)"
  ],
  "lamb_code": "def tag_to_index(tag, N=N_int):\n    return N + 1 if tag == \"x_star\" else int(tag.split(\"_\")[1])\n\n\ndef lamb(ri, ci, N=N_int):\n    i = tag_to_index(ri, N)\n    j = tag_to_index(ci, N)\n    if i == N + 1:\n        if j == 0:\n            return lamb(\"x_0\", \"x_1\", N)\n        if j < N:\n            return lamb(f\"x_{j}\", f\"x_{j + 1}\", N) - lamb(f\"x_{j - 1}\", f\"x_{j}\", N)\n        if j == N:\n            return sp.Rational(1, 1) - lamb(f\"x_{N - 1}\", f\"x_{N}\", N)\n    if i < N and i + 1 == j:\n        return sp.Rational(j, 2 * N + 1 - j)\n    return sp.S(0)",
  "S_code": "delta = [sp.Rational(9, 128), sp.Rational(23, 98), sp.Rational(11, 24), sp.Rational(39, 50), sp.Rational(1, 2)]\nS_guess = pf.Scalar.zero()\nfor i, coeff_i in enumerate(delta):\n    z_i = (x[i] - x_star) / sp.S(2 * N_int + 1 - i) - (sp.S(1) / L) * f.grad(x[i])\n    S_guess += L * coeff_i * z_i ** 2",
  "S_decomp_type": "direct_rationalized_rank5",
  "S_delta": [
    "9/128",
    "23/98",
    "11/24",
    "39/50",
    "1/2"
  ],
  "S_vectors": [
    "(x_i - x_star)/(2*N + 1 - i) - (1/L) * grad_f(x_i), for i=0..N"
  ],
  "S_rank_tol_1e-7": 5,
  "proof_identity": "f(x_N) - f(x_star) - tau * ||x_0 - x_star||^2 - interpolation_sum + S_guess = 0",
  "proof_valid": true,
  "proof_residual_max_abs": 5.551115123125783e-17,
  "rank_profile": [
    0,
    3,
    3,
    3,
    1
  ],
  "rank_tolerance": 0.0001,
  "interior_rank_constant": true,
  "lyap_final_rank": 1,
  "coverage_matrix_max_abs": 2.7755575615628914e-17,
  "coverage_func_max_abs": 0.0,
  "lyap_inner_prod_coords": [
    [
      [
        0.0,
        0.0,
        0.0,
        0.0,
        0.0,
        0.0,
        0.0
      ],
      [
        0.0,
        0.0,
        0.0,
        0.0,
        0.0,
        0.0,
        0.0
      ],
      [
        0.0,
        0.0,
        0.0,
        0.0,
        0.0,
        0.0,
        0.0
      ],
      [
        0.0,
        0.0,
        0.0,
        0.0,
        0.0,
        0.0,
        0.0
      ],
      [
        0.0,
        0.0,
        0.0,
        0.0,
        0.0,
        0.0,
        0.0
      ],
      [
        0.0,
        0.0,
        0.0,
        0.0,
        0.0,
        0.0,
        0.0
      ],
      [
        0.0,
        0.0,
        0.0,
        0.0,
        0.0,
        0.0,
        0.0
      ]
    ],
    [
      [
        -0.0045351473922902496,
        0.0045351473922902496,
        -0.05102040816326531,
        -0.05102040816326531,
        0.0,
        0.0,
        0.0
      ],
      [
        0.0045351473922902496,
        -0.0045351473922902496,
        0.05102040816326531,
        0.05102040816326531,
        0.0,
        0.0,
        0.0
      ],
      [
        -0.05102040816326531,
        0.05102040816326531,
        0.05102040816326531,
        0.05102040816326531,
        0.0,
        0.0,
        0.0
      ],
      [
        -0.05102040816326531,
        0.05102040816326531,
        0.05102040816326531,
        -0.09183673469387757,
        0.0,
        0.0,
        0.0
      ],
      [
        0.0,
        0.0,
        0.0,
        0.0,
        0.0,
        0.0,
        0.0
      ],
      [
        0.0,
        0.0,
        0.0,
        0.0,
        0.0,
        0.0,
        0.0
      ],
      [
        0.0,
        0.0,
        0.0,
        0.0,
        0.0,
        0.0,
        0.0
      ]
    ],
    [
      [
        -0.013888888888888888,
        0.013888888888888888,
        -0.04166666666666667,
        -0.04166666666666667,
        -0.04166666666666667,
        0.0,
        0.0
      ],
      [
        0.013888888888888888,
        -0.013888888888888888,
        0.04166666666666667,
        0.04166666666666667,
        0.04166666666666667,
        0.0,
        0.0
      ],
      [
        -0.04166666666666667,
        0.04166666666666667,
        0.04166666666666667,
        0.04166666666666667,
        0.04166666666666667,
        0.0,
        0.0
      ],
      [
        -0.04166666666666667,
        0.04166666666666667,
        0.04166666666666667,
        0.041666666666666644,
        0.04166666666666667,
        0.0,
        0.0
      ],
      [
        -0.04166666666666667,
        0.04166666666666667,
        0.04166666666666667,
        0.04166666666666667,
        -0.20833333333333331,
        0.0,
        0.0
      ],
      [
        0.0,
        0.0,
        0.0,
        0.0,
        0.0,
        0.0,
        0.0
      ],
      [
        0.0,
        0.0,
        0.0,
        0.0,
        0.0,
        0.0,
        0.0
      ]
    ],
    [
      [
        -0.035555555555555556,
        0.035555555555555556,
        -0.020000000000000004,
        -0.020000000000000004,
        -0.020000000000000004,
        -0.01999999999999999,
        0.0
      ],
      [
        0.035555555555555556,
        -0.035555555555555556,
        0.020000000000000004,
        0.020000000000000004,
        0.020000000000000004,
        0.01999999999999999,
        0.0
      ],
      [
        -0.020000000000000004,
        0.020000000000000004,
        0.020000000000000004,
        0.020000000000000004,
        0.020000000000000004,
        0.01999999999999999,
        0.0
      ],
      [
        -0.020000000000000004,
        0.020000000000000004,
        0.020000000000000004,
        0.019999999999999976,
        0.020000000000000004,
        0.01999999999999999,
        0.0
      ],
      [
        -0.020000000000000004,
        0.020000000000000004,
        0.020000000000000004,
        0.020000000000000004,
        0.020000000000000018,
        0.01999999999999999,
        0.0
      ],
      [
        -0.01999999999999999,
        0.01999999999999999,
        0.01999999999999999,
        0.01999999999999999,
        0.01999999999999999,
        -0.38,
        0.0
      ],
      [
        0.0,
        0.0,
        0.0,
        0.0,
        0.0,
        0.0,
        0.0
      ]
    ],
    [
      [
        -0.05555555555555556,
        0.05555555555555556,
        0.0,
        0.0,
        0.0,
        1.3877787807814457e-17,
        0.0
      ],
      [
        0.05555555555555556,
        -0.05555555555555556,
        0.0,
        0.0,
        0.0,
        -1.3877787807814457e-17,
        0.0
      ],
      [
        0.0,
        0.0,
        0.0,
        0.0,
        0.0,
        -1.3877787807814457e-17,
        0.0
      ],
      [
        0.0,
        0.0,
        0.0,
        -2.7755575615628914e-17,
        0.0,
        -1.3877787807814457e-17,
        0.0
      ],
      [
        0.0,
        0.0,
        0.0,
        0.0,
        1.3877787807814457e-17,
        -1.3877787807814457e-17,
        0.0
      ],
      [
        1.3877787807814457e-17,
        -1.3877787807814457e-17,
        -1.3877787807814457e-17,
        -1.3877787807814457e-17,
        -1.3877787807814457e-17,
        1.3877787807814457e-17,
        0.0
      ],
      [
        0.0,
        0.0,
        0.0,
        0.0,
        0.0,
        0.0,
        0.0
      ]
    ]
  ],
  "lyap_func_coords": [
    [
      0.0,
      0.0,
      0.0,
      0.0,
      0.0,
      0.0
    ],
    [
      -0.2857142857142857,
      0.0,
      0.2857142857142857,
      0.0,
      0.0,
      0.0
    ],
    [
      -0.5,
      0.0,
      0.0,
      0.5,
      0.0,
      0.0
    ],
    [
      -0.8,
      0.0,
      0.0,
      0.0,
      0.8,
      0.0
    ],
    [
      -1.0,
      0.0,
      0.0,
      0.0,
      0.0,
      1.0
    ]
  ],
  "grouping_code": "lyap = [pf.Scalar.zero()]\npartial_sum = pf.Scalar.zero()\npartial_sum -= L * delta[0] * z[0] ** 2\npartial_sum += lamb(\"x_star\", \"x_0\") * obj.interp_ineq(\"x_star\", \"x_0\")\nfor step in range(N_int):\n    partial_sum += lamb(f\"x_{step}\", f\"x_{step + 1}\") * obj.interp_ineq(f\"x_{step}\", f\"x_{step + 1}\")\n    partial_sum += lamb(\"x_star\", f\"x_{step + 1}\") * obj.interp_ineq(\"x_star\", f\"x_{step + 1}\")\n    partial_sum -= L * delta[step + 1] * z[step + 1] ** 2\n    lyap.append(partial_sum)",
  "grouping_terms": [
    {
      "step": "initial",
      "s_terms": [
        0
      ],
      "interp": [
        [
          "x_star",
          "x_0"
        ]
      ]
    },
    {
      "step": 0,
      "s_terms": [
        1
      ],
      "interp": [
        [
          "x_0",
          "x_1"
        ],
        [
          "x_star",
          "x_1"
        ]
      ]
    },
    {
      "step": 1,
      "s_terms": [
        2
      ],
      "interp": [
        [
          "x_1",
          "x_2"
        ],
        [
          "x_star",
          "x_2"
        ]
      ]
    },
    {
      "step": 2,
      "s_terms": [
        3
      ],
      "interp": [
        [
          "x_2",
          "x_3"
        ],
        [
          "x_star",
          "x_3"
        ]
      ]
    },
    {
      "step": 3,
      "s_terms": [
