{
  "algo_name": "feg",
  "problem_type": "monotone_operator",
  "obj_tag": "A",
  "params_json": "{\"L\": 1, \"R\": 1}",
  "performance_metric": "||A(x_N)||^2",
  "initial_condition": "||x_0 - x_star||^2 <= R^2, where A(x_star)=0",
  "conjectured_rate": "2 * L^2 * R^2 for N = 1; 4 * L^2 * R^2 / N^2 for N >= 2",
  "setup_file": "examples_peppy/feg/feg_setup.py",
  "sweep_results": [
    {
      "N": 1,
      "opt_value": 2.0000195262475735,
      "tau_sol": 2.0000074456111547,
      "S_matrix": [
        [
          0.2986624552667474,
          -0.298662455266747,
          0.29866147367296864,
          -0.2986622211514179
        ],
        [
          -0.298662455266747,
          0.2986624552667474,
          -0.29866147367296886,
          0.2986622211514182
        ],
        [
          0.29866147367296864,
          -0.29866147367296886,
          0.29866049208241563,
          -0.2986612395584092
        ],
        [
          -0.2986622211514179,
          0.2986622211514182,
          -0.2986612395584092,
          0.29866198703627234
        ]
      ],
      "S_row_names": [
        "x_0.5",
        "x_star",
        "A(x_0.5)",
        "A(x_1)"
      ],
      "S_col_names": [
        "x_0.5",
        "x_star",
        "A(x_0.5)",
        "A(x_1)"
      ],
      "basis_vectors": [
        "x_0.5",
        "x_star",
        "A(x_0.5)",
        "A(x_1)"
      ],
      "lambda_groups": {
        "Monotone Operator Inequality": {
          "matrix": [
            [
              0.20699872851910944,
              0.5983615917583068
            ],
            [
              0.0,
              0.5973235567719151
            ]
          ],
          "row_names": [
            "x_0.5",
            "x_1"
          ],
          "col_names": [
            "x_1",
            "x_star"
          ]
        },
        "Lipschitz Continuous Inequality": {
          "matrix": [
            [
              0.7008214335897389,
              1.103502480277352
            ],
            [
              0.0,
              0.5978422837929369
            ]
          ],
          "row_names": [
            "x_0.5",
            "x_1"
          ],
          "col_names": [
            "x_1",
            "x_star"
          ]
        }
      }
    },
    {
      "N": 2,
      "opt_value": 0.9999995446176566,
      "tau_sol": 1.0000010839583717,
      "S_matrix": [
        [
          0.9997211843777097,
          -0.99972118437771,
          0.00013895544640862213,
          6.10771773743361e-05,
          -0.0002440138524708891,
          -0.9995282664822156
        ],
        [
          -0.99972118437771,
          0.9997211843777107,
          -0.00013895544640857445,
          -6.107717737422108e-05,
          0.00024401385247081243,
          0.9995282664822152
        ],
        [
          0.00013895544640862213,
          -0.00013895544640857445,
          1.931400071368613e-08,
          8.489373131595904e-09,
          -3.3916510276059454e-08,
          -0.00013892863194001325
        ],
        [
          6.10771773743361e-05,
          -6.107717737422108e-05,
          8.489373131595904e-09,
          3.731462277876276e-09,
          -1.49078335250179e-08,
          -6.106539120750113e-05
        ],
        [
          -0.0002440138524708891,
          0.00024401385247081243,
          -3.3916510276059454e-08,
          -1.49078335250179e-08,
          5.9559366617283e-08,
          0.0002439667647033769
        ],
        [
          -0.9995282664822156,
          0.9995282664822152,
          -0.00013892863194001325,
          -6.106539120750113e-05,
          0.0002439667647033769,
          0.9993353858144146
        ]
      ],
      "S_row_names": [
        "x_0.5",
        "x_star",
        "A(x_0.5)",
        "A(x_1)",
        "A(x_1.5)",
        "A(x_2)"
      ],
      "S_col_names": [
        "x_0.5",
        "x_star",
        "A(x_0.5)",
        "A(x_1)",
        "A(x_1.5)",
        "A(x_2)"
      ],
      "basis_vectors": [
        "x_0.5",
        "x_star",
        "A(x_0.5)",
        "A(x_1)",
        "A(x_1.5)",
        "A(x_2)"
      ],
      "lambda_groups": {
        "Monotone Operator Inequality": {
          "matrix": [
            [
              0.0,
              6.371334626479565e-05,
              9.596073639949367e-06,
              0.0
            ],
            [
              0.0,
              0.0,
              1.999622662069779,
              0.0
            ],
            [
              0.0,
              0.0,
              8.971982227164682e-05,
              0.0007947183284342982
            ],
            [
              0.0,
              0.0,
              0.0,
              1.9990563876825138
            ]
          ],
          "row_names": [
            "x_0.5",
            "x_1",
            "x_1.5",
            "x_2"
          ],
          "col_names": [
            "x_1",
            "x_1.5",
            "x_2",
            "x_star"
          ]
        },
        "Lipschitz Continuous Inequality": {
          "matrix": [
            [
              0.4998213460554737,
              0.00015194709051509126,
              0.0,
              0.0
            ],
            [
              0.0,
              0.0,
              3.698830721156637e-05,
              0.0
            ],
            [
              0.0,
              0.0,
              1.9991457724505874,
              0.00012661835763544293
            ],
            [
              0.0,
              0.0,
              0.0,
              0.00015314642626903719
            ]
          ],
          "row_names": [
            "x_0.5",
            "x_1",
            "x_1.5",
            "x_2"
          ],
          "col_names": [
            "x_1",
            "x_1.5",
            "x_2",
            "x_star"
          ]
        }
      }
    },
    {
      "N": 3,
      "opt_value": 0.4444401868173732,
      "tau_sol": 0.4444448775430357,
      "S_matrix": [
        [
          0.4444454511025319,
          -0.4444454511025321,
          -2.2130184204799467e-07,
          -8.339403116379317e-09,
          -4.023903408353931e-07,
          -1.3812535971462572e-08,
          -2.432676686692955e-07,
          -0.6666668234594677
        ],
        [
          -0.4444454511025321,
          0.4444454511025318,
          2.2130184201955861e-07,
          8.339403025383945e-09,
          4.0239034072164884e-07,
          1.3812535903216047e-08,
          2.4326766857830014e-07,
          0.6666668234594677
        ],
        [
          -2.2130184204799467e-07,
          2.2130184201955861e-07,
          1.0957688389559388e-13,
          3.935549758029571e-15,
          1.9998507469848532e-13,
          6.614225966168196e-15,
          1.209044108467495e-13,
          3.319520888019865e-07
        ],
        [
          -8.339403116379317e-09,
          8.339403025383945e-09,
          3.935549758029571e-15,
          -1.6085860818495875e-16,
          7.279629610228109e-15,
          2.2748842531962843e-17,
          4.413275451200791e-15,
          1.2509078797760594e-08
        ],
        [
          -4.023903408353931e-07,
          4.0239034072164884e-07,
          1.9998507469848532e-13,
          7.279629610228109e-15,
          3.6411954548747264e-13,
          1.2329872652323858e-14,
          2.2011780033927246e-13,
          6.035842856591982e-07
        ],
        [
          -1.3812535971462572e-08,
          1.3812535903216047e-08,
          6.614225966168196e-15,
          2.2748842531962843e-17,
          1.2329872652323858e-14,
          3.217172163699175e-16,
          7.43887150795185e-15,
          2.071876164434675e-08
        ],
        [
          -2.432676686692955e-07,
          2.4326766857830014e-07,
          1.209044108467495e-13,
          4.413275451200791e-15,
          2.2011780033927246e-13,
          7.43887150795185e-15,
          1.3306224069059788e-13,
          3.649007621025781e-07
        ],
        [
          -0.6666668234594677,
          0.6666668234594677,
          3.319520888019865e-07,
          1.2509078797760594e-08,
          6.035842856591982e-07,
          2.071876164434675e-08,
          3.649007621025781e-07,
          0.9999982054018258
        ]
      ],
      "S_row_names": [
        "x_0.5",
        "x_star",
        "A(x_0.5)",
        "A(x_1)",
        "A(x_1.5)",
        "A(x_2)",
        "A(x_2.5)",
        "A(x_3)"
      ],
      "S_col_names": [
        "x_0.5",
        "x_star",
        "A(x_0.5)",
        "A(x_1)",
        "A(x_1.5)",
        "A(x_2)",
        "A(x_2.5)",
        "A(x_3)"
      ],
      "basis_vectors": [
        "x_0.5",
        "x_star",
        "A(x_0.5)",
        "A(x_1)",
        "A(x_1.5)",
        "A(x_2)",
        "A(x_2.5)",
        "A(x_3)"
      ],
      "lambda_groups": {
        "Monotone Operator Inequality": {
          "matrix": [
            [
              0.0,
              0.0,
              0.0,
              0.0,
              0.0,
              0.0
            ],
            [
              0.0,
              0.0,
              0.8888866841509262,
              0.0,
              0.0,
              0.0
            ],
            [
              0.0,
              0.0,
              0.0,
              0.0,
              0.0,
              0.0
            ],
            [
              0.0,
              0.0,
              0.0,
              0.0,
              2.6666635123295968,
              0.0
            ],
            [
              0.0,
              0.0,
              0.0,
              0.0,
              0.0,
              0.0
            ],
            [
              0.0,
              0.0,
              0.0,
              0.0,
              0.0,
              1.3333336946121959
            ]
          ],
          "row_names": [
            "x_0.5",
            "x_1",
            "x_1.5",
            "x_2",
            "x_2.5",
            "x_3"
          ],
          "col_names": [
            "x_1",
            "x_1.5",
            "x_2",
            "x_2.5",
            "x_3",
            "x_star"
          ]
        },
        "Lipschitz Continuous Inequality": {
          "matrix": [
            [
              0.22222154183400558,
              0.0,
              0.0,
              0.0,
              0.0,
              0.0
            ],
            [
              0.0,
              0.0,
              0.0,
              0.0,
              0.0,
              0.0
            ],
            [
              0.0,
              0.0,
              0.8888872284243557,
              0.0,
              0.0,
              0.0
            ],
            [
              0.0,
              0.0,
              0.0,
              0.0,
              0.0,
              0.0
            ],
            [
              0.0,
              0.0,
              0.0,
              0.0,
              1.999998170636239,
              0.0
            ],
            [
              0.0,
              0.0,
              0.0,
              0.0,
              0.0,
              0.0
            ]
          ],
          "row_names": [
            "x_0.5",
            "x_1",
            "x_1.5",
            "x_2",
            "x_2.5",
            "x_3"
          ],
          "col_names": [
            "x_1",
            "x_1.5",
            "x_2",
            "x_2.5",
            "x_3",
            "x_star"
          ]
        }
      }
    },
    {
      "N": 4,
      "opt_value": 0.24999917445613748,
      "tau_sol": 0.24999989832167324,
      "S_matrix": [
        [
          0.2500000100371034,
          -0.25000001003710354,
          -2.4307985791612826e-08,
          -2.3970503763761785e-09,
          -3.5243758316824233e-08,
          -1.0605811106303798e-08,
          -3.286417528745903e-08,
          -1.232066285379006e-08,
          1.0108181007139482e-07,
          -0.500001131343194
        ],
        [
          -0.25000001003710354,
          0.25000001003710365,
          2.4307985733669343e-08,
          2.3970503585474163e-09,
          3.524375829008109e-08,
          1.0605811088475035e-08,
          3.2864175278544656e-08,
          1.2320662835961295e-08,
          -1.0108181008030918e-07,
          0.5000011313431942
        ],
        [
          -2.4307985791612826e-08,
          2.4307985733669343e-08,
          1.8658121807001636e-15,
          3.3874649273618064e-16,
          3.1735197740547446e-15,
          1.0608113851475132e-15,
          3.311692685565555e-15,
          1.272527943107626e-15,
          -9.781304977757215e-15,
          4.861607972804346e-08
        ],
        [
          -2.3970503763761785e-09,
          2.3970503585474163e-09,
          3.3874649273618064e-16,
          -2.521367811756978e-17,
          3.3874649273618064e-16,
          1.0697257665353072e-16,
          3.7440401828735753e-16,
          9.80581952657365e-17,
          -1.0073250968207476e-15,
          4.7941114321812605e-09
        ],
        [
          -3.5243758316824233e-08,
          3.524375829008109e-08,
          3.1735197740547446e-15,
          3.3874649273618064e-16,
          4.7905988423382575e-15,
          1.408472259271488e-15,
          4.644392703040793e-15,
          1.7293899892320799e-15,
          -1.4307582127409733e-14,
          7.048767315235687e-08
        ],
        [
          -1.0605811106303798e-08,
          1.0605811088475035e-08,
          1.0608113851475132e-15,
          1.0697257665353072e-16,
          1.408472259271488e-15,
          3.5299149364597693e-16,
          1.3906434964958994e-15,
          4.813765949408883e-16,
          -4.3413037358557885e-15,
          2.1211669262712558e-08
        ],
        [
          -3.286417528745903e-08,
          3.2864175278544656e-08,
          3.311692685565555e-15,
          3.7440401828735753e-16,
          4.644392703040793e-15,
          1.3906434964958994e-15,
          4.336752636222002e-15,
          1.6224174125785494e-15,
          -1.3300257030588986e-14,
          6.572849672620092e-08
        ],
        [
          -1.232066285379006e-08,
          1.2320662835961295e-08,
          1.272527943107626e-15,
          9.80581952657365e-17,
          1.7293899892320799e-15,
          4.813765949408883e-16,
          1.6224174125785494e-15,
          5.547009185865352e-16,
          -5.036625484103738e-15,
          2.4641380415138693e-08
        ],
        [
          1.0108181007139482e-07,
          -1.0108181008030918e-07,
          -9.781304977757215e-15,
          -1.0073250968207476e-15,
          -1.4307582127409733e-14,
          -4.3413037358557885e-15,
          -1.3300257030588986e-14,
          -5.036625484103738e-15,
          4.0795731194227904e-14,
          -2.021640695613273e-07
        ],
        [
          -0.500001131343194,
          0.5000011313431942,
          4.861607972804346e-08,
          4.7941114321812605e-09,
          7.048767315235687e-08,
          2.1211669262712558e-08,
          6.572849672620092e-08,
          2.4641380415138693e-08,
          -2.021640695613273e-07,
          1.0000044852293015
        ]
      ],
      "S_row_names": [
        "x_0.5",
        "x_star",
        "A(x_0.5)",
        "A(x_1)",
        "A(x_1.5)",
        "A(x_2)",
        "A(x_2.5)",
        "A(x_3)",
        "A(x_3.5)",
        "A(x_4)"
      ],
      "S_col_names": [
        "x_0.5",
        "x_star",
        "A(x_0.5)",
        "A(x_1)",
        "A(x_1.5)",
        "A(x_2)",
        "A(x_2.5)",
        "A(x_3)",
        "A(x_3.5)",
        "A(x_4)"
      ],
      "basis_vectors": [
        "x_0.5",
        "x_star",
        "A(x_0.5)",
        "A(x_1)",
        "A(x_1.5)",
        "A(x_2)",
        "A(x_2.5)",
        "A(x_3)",
        "A(x_3.5)",
        "A(x_4)"
      ],
      "lambda_groups": {
        "Monotone Operator Inequality": {
          "matrix": [
            [
              0.0,
              0.0,
              0.0,
              0.0,
              0.0,
              0.0,
              0.0,
              0.0
            ],
            [
              0.0,
              0.0,
              0.5000010727096553,
              0.0,
              0.0,
              0.0,
              0.0,
              1.3020050905101332e-17
            ],
            [
              0.0,
              0.0,
              6.105089350357343e-18,
              0.0,
              0.0,
              0.0,
              8.522625682950861e-19,
              0.0
            ],
            [
              0.0,
              0.0,
              0.0,
              0.0,
              1.500003356057197,
              0.0,
              0.0,
              0.0
            ],
            [
              0.0,
              0.0,
              0.0,
              0.0,
              0.0,
              0.0,
              0.0,
              0.0
            ],
            [
              0.0,
              0.0,
              0.0,
              0.0,
              0.0,
              0.0,
              3.0000063132539205,
              0.0
            ],
            [
              0.0,
              0.0,
              0.0,
              0.0,
              0.0,
              0.0,
              7.324248322509743e-19,
              0.0
            ],
            [
              0.0,
              0.0,
              0.0,
              0.0,
              0.0,
              0.0,
              0.0,
              1.0000022908425277
            ]
          ],
          "row_names": [
            "x_0.5",
            "x_1",
            "x_1.5",
            "x_2",
            "x_2.5",
            "x_3",
            "x_3.5",
            "x_4"
          ],
          "col_names": [
            "x_1",
            "x_1.5",
            "x_2",
            "x_2.5",
            "x_3",
            "x_3.5",
            "x_4",
            "x_star"
          ]
        },
        "Lipschitz Continuous Inequality": {
          "matrix": [
            [
              0.1250002062327002,
              2.648685617705751e-19,
              0.0,
              0.0,
              0.0,
              -9.435630290729418e-19,
              3.532669891871743e-18,
              0.0
            ],
            [
              0.0,
              0.0,
              0.0,
              0.0,
              7.01759021981085e-18,
              0.0,
              0.0,
              0.0
            ],
            [
              0.0,
              0.0,
              0.5000011082188257,
              0.0,
              0.0,
              0.0,
              0.0,
              0.0
            ],
            [
              0.0,
              0.0,
              0.0,
              0.0,
              0.0,
              0.0,
              0.0,
              0.0
            ],
            [
              0.0,
              0.0,
              0.0,
              0.0,
              1.1250025278570803,
              0.0,
              0.0,
              3.1990905258967117e-18
            ],
            [
              0.0,
              0.0,
              0.0,
              0.0,
              0.0,
              0.0,
              0.0,
              0.0
            ],
            [
              0.0,
              0.0,
              0.0,
              0.0,
              0.0,
              0.0,
              2.0000044876063026,
              0.0
            ],
            [
              0.0,
              0.0,
              0.0,
              0.0,
              0.0,
              0.0,
              0.0,
              0.0
            ]
          ],
          "row_names": [
            "x_0.5",
            "x_1",
            "x_1.5",
            "x_2",
            "x_2.5",
            "x_3",
            "x_3.5",
            "x_4"
          ],
          "col_names": [
            "x_1",
            "x_1.5",
            "x_2",
            "x_2.5",
            "x_3",
            "x_3.5",
            "x_4",
            "x_star"
          ]
        }
      }
    },
    {
      "N": 5,
      "opt_value": 0.16001458566851773,
      "tau_sol": 0.16001968343892561,
      "S_matrix": [
        [
          0.16002828730987462,
          -0.16002828730987434,
          -2.489209293694013e-06,
          2.229384899203295e-07,
          -5.5450418474736e-06,
          2.834905913691665e-08,
          -7.925696469708785e-06,
          -2.9750450241237247e-07,
          -9.358584959089477e-06,
          -3.319090362660785e-07,
          -9.174007778962057e-06,
          -0.40003216216585163
        ],
        [
          -0.16002828730987434,
          0.16002828730987437,
          2.4892092935583984e-06,
          -2.2293848995917715e-07,
          5.545041847426982e-06,
          -2.834905918353383e-08,
          7.925696469685475e-06,
          2.975045023735249e-07,
          9.3585849590584e-06,
          3.319090362505395e-07,
          9.174007778938749e-06,
          0.4000321621658519
        ],
        [
          -2.489209293694013e-06,
          2.4892092935583984e-06,
          3.871977316597151e-11,
          -3.4676925526717328e-12,
          8.625228262486278e-11,
          -4.4092274544862813e-13,
          1.2328283174405333e-10,
          4.6277692678113434e-12,
          1.4557104813404483e-10,
          5.162782473132794e-12,
          1.4269999232487904e-10,
          6.222423501288039e-06
        ],
        [
          2.229384899203295e-07,
          -2.2293848995917715e-07,
          -3.4676925526717328e-12,
          3.106023979866836e-13,
          -7.724870313483896e-12,
          3.9531366449356966e-14,
          -1.1041433861735491e-11,
          -4.1447332441183107e-13,
          -1.3037596937777487e-11,
          -4.62395782796193e-13,
          -1.278047989573571e-11,
          -5.572925114673111e-07
        ],
        [
          -5.5450418474736e-06,
          5.545041847426982e-06,
          8.625228262486278e-11,
          -7.724870313483896e-12,
          1.9213793138680146e-10,
          -9.823016234654484e-13,
          2.746284739571772e-10,
          1.0308689528040745e-11,
          3.242786037842498e-10,
          1.1500764565116533e-11,
          3.1788293681997766e-10,
          1.3861268634761444e-05
        ],
        [
          2.834905913691665e-08,
          -2.834905918353383e-08,
          -4.4092274544862813e-13,
          3.9531366449356966e-14,
          -9.823016234654484e-13,
          5.02141275930078e-15,
          -1.404070536142992e-12,
          -5.2716258128712066e-14,
          -1.6579088367064635e-12,
          -5.880756931116016e-14,
          -1.6251758086303743e-12,
          -7.086581757503659e-08
        ],
        [
          -7.925696469708785e-06,
          7.925696469685475e-06,
          1.2328283174405333e-10,
          -1.1041433861735491e-11,
          2.746284739571772e-10,
          -1.404070536142992e-12,
          3.925347572419877e-10,
          1.47344544262156e-11,
          4.635011848461568e-10,
          1.6438386071326694e-11,
          4.5435967289768663e-10,
          1.9812331611821518e-05
        ],
        [
          -2.9750450241237247e-07,
          2.975045023735249e-07,
          4.6277692678113434e-12,
          -4.1447332441183107e-13,
          1.0308689528040745e-11,
          -5.2716258128712066e-14,
          1.47344544262156e-11,
          5.530586210648697e-13,
          1.7398299795337778e-11,
          6.170210755225841e-13,
          1.7055158521903055e-11,
          7.436895773151991e-07
        ],
        [
          -9.358584959089477e-06,
          9.3585849590584e-06,
          1.4557104813404483e-10,
          -1.3037596937777487e-11,
          3.242786037842498e-10,
          -1.6579088367064635e-12,
          4.635011848461568e-10,
          1.7398299795337778e-11,
          5.472977036398515e-10,
          1.9410289403112745e-11,
          5.36503459364343e-10,
          2.339420760499475e-05
        ],
        [
          -3.319090362660785e-07,
          3.319090362505395e-07,
          5.162782473132794e-12,
          -4.62395782796193e-13,
          1.1500764565116533e-11,
          -5.880756931116016e-14,
          1.6438386071326694e-11,
          6.170210755225841e-13,
          1.9410289403112745e-11,
          6.884005284230476e-13,
          1.9027476911696417e-11,
          8.2969262282872e-07
        ],
        [
          -9.174007778962057e-06,
          9.174007778938749e-06,
          1.4269999232487904e-10,
          -1.278047989573571e-11,
          3.1788293681997766e-10,
          -1.6251758086303743e-12,
          4.5435967289768663e-10,
          1.7055158521903055e-11,
          5.36503459364343e-10,
          1.9027476911696417e-11,
          5.25922153851083e-10,
          2.293280912552884e-05
        ],
        [
          -0.40003216216585163,
          0.4000321621658519,
          6.222423501288039e-06,
          -5.572925114673111e-07,
          1.3861268634761444e-05,
          -7.086581757503659e-08,
          1.9812331611821518e-05,
          7.436895773151991e-07,
          2.339420760499475e-05,
          8.2969262282872e-07,
          2.293280912552884e-05,
          0.9999840244319866
        ]
      ],
      "S_row_names": [
        "x_0.5",
        "x_star",
        "A(x_0.5)",
        "A(x_1)",
        "A(x_1.5)",
        "A(x_2)",
        "A(x_2.5)",
        "A(x_3)",
        "A(x_3.5)",
        "A(x_4)",
        "A(x_4.5)",
        "A(x_5)"
      ],
      "S_col_names": [
        "x_0.5",
        "x_star",
        "A(x_0.5)",
        "A(x_1)",
        "A(x_1.5)",
        "A(x_2)",
        "A(x_2.5)",
        "A(x_3)",
        "A(x_3.5)",
        "A(x_4)",
        "A(x_4.5)",
        "A(x_5)"
      ],
      "basis_vectors": [
        "x_0.5",
        "x_star",
        "A(x_0.5)",
        "A(x_1)",
        "A(x_1.5)",
        "A(x_2)",
        "A(x_2.5)",
        "A(x_3)",
        "A(x_3.5)",
        "A(x_4)",
        "A(x_4.5)",
        "A(x_5)"
      ],
      "lambda_groups": {
        "Monotone Operator Inequality": {
          "matrix": [
            [
              0.0,
              0.0,
              0.0,
              0.0,
              2.5748379443282002e-17,
              0.0,
              0.0,
              0.0,
              2.9706606473377552e-18,
              0.0
            ],
            [
              0.0,
              0.0,
              0.31997989261413096,
              -5.166093266619613e-19,
              0.0,
              0.0,
              0.0,
              0.0,
              1.401592559171113e-18,
              0.0
            ],
            [
              0.0,
              0.0,
              -1.0604355326148123e-17,
              0.0,
              0.0,
              0.0,
              0.0,
              0.0,
              0.0,
              0.0
            ],
            [
              0.0,
              0.0,
              0.0,
              0.0,
              0.9599809563494748,
              0.0,
              0.0,
              0.0,
              0.0,
              0.0
            ],
            [
              0.0,
              0.0,
              0.0,
              0.0,
              0.0,
              0.0,
              0.0,
              0.0,
              0.0,
              0.0
            ],
            [
              0.0,
              0.0,
              0.0,
              0.0,
              0.0,
              0.0,
              1.9199840204761711,
              0.0,
              0.0,
              0.0
            ],
            [
              0.0,
              0.0,
              0.0,
              0.0,
              0.0,
              0.0,
              1.2721997541983809e-18,
              0.0,
              0.0,
              0.0
            ],
            [
              0.0,
              0.0,
              0.0,
              0.0,
              0.0,
              0.0,
              0.0,
              0.0,
              3.1999645885808428,
              0.0
            ],
            [
              0.0,
              0.0,
              0.0,
              0.0,
              0.0,
              0.0,
              0.0,
              0.0,
              0.0,
              0.0
            ],
            [
              0.0,
              0.0,
              0.0,
              0.0,
              0.0,
              0.0,
              0.0,
              0.0,
              0.0,
              0.8000635448981279
            ]
          ],
          "row_names": [
            "x_0.5",
            "x_1",
            "x_1.5",
            "x_2",
            "x_2.5",
            "x_3",
            "x_3.5",
            "x_4",
            "x_4.5",
            "x_5"
          ],
          "col_names": [
            "x_1",
            "x_1.5",
            "x_2",
            "x_2.5",
            "x_3",
            "x_3.5",
            "x_4",
            "x_4.5",
            "x_5",
            "x_star"
          ]
        },
        "Lipschitz Continuous Inequality": {
          "matrix": [
            [
              0.07999330278786622,
              -2.875429193735499e-20,
              0.0,
              0.0,
              0.0,
              0.0,
              0.0,
              0.0,
              0.0,
              0.0
            ],
            [
              0.0,
              0.0,
              0.0,
              0.0,
              6.094670851936049e-18,
              0.0,
              0.0,
              0.0,
              0.0,
              0.0
            ],
            [
              0.0,
              0.0,
              0.31998406459400225,
              0.0,
              0.0,
              0.0,
              3.7935642416520245e-19,
              0.0,
              0.0,
              0.0
            ],
            [
              0.0,
              0.0,
              0.0,
              0.0,
              0.0,
              0.0,
              0.0,
              0.0,
              0.0,
              0.0
            ],
            [
              0.0,
              0.0,
              0.0,
              0.0,
              0.7199879904073874,
              0.0,
              0.0,
              0.0,
              0.0,
              0.0
            ],
            [
              0.0,
              0.0,
              0.0,
              0.0,
              0.0,
              0.0,
              0.0,
              0.0,
              0.0,
              0.0
            ],
            [
              0.0,
              0.0,
              0.0,
              0.0,
              0.0,
              0.0,
              1.2799890620237468,
              0.0,
              0.0,
              0.0
            ],
            [
              0.0,
              0.0,
              0.0,
              0.0,
              0.0,
              0.0,
              0.0,
              0.0,
              0.0,
              0.0
            ],
            [
              0.0,
              0.0,
              0.0,
              0.0,
              0.0,
              0.0,
              0.0,
              0.0,
              1.9999830811639536,
              0.0
            ],
            [
              0.0,
              0.0,
              0.0,
              0.0,
              0.0,
              0.0,
              0.0,
              0.0,
              0.0,
              0.0
            ]
          ],
          "row_names": [
            "x_0.5",
            "x_1",
            "x_1.5",
            "x_2",
            "x_2.5",
            "x_3",
            "x_3.5",
            "x_4",
            "x_4.5",
            "x_5"
          ],
          "col_names": [
            "x_1",
            "x_1.5",
            "x_2",
            "x_2.5",
            "x_3",
            "x_3.5",
            "x_4",
            "x_4.5",
            "x_5",
            "x_star"
          ]
        }
      }
    },
    {
      "N": 6,
      "opt_value": 0.1111131266072019,
      "tau_sol": 0.11111255635303235,
      "S_matrix": [
        [
          0.1111102948975452,
          -0.11111029489754468,
          6.82438404909352e-08,
          -3.2283041494108023e-09,
          1.5599667812303764e-07,
          5.059998775255169e-08,
          1.0420482929524907e-07,
          4.1472405219012825e-08,
          9.506796122945202e-08,
          1.932271736643492e-08,
          1.9457148402257452e-07,
          3.526019986490797e-08,
          6.001023856152327e-07,
          -0.3333251367002284
        ],
        [
          -0.11111029489754468,
          0.11111029489754494,
          -6.824384056409493e-08,
          3.228304205097238e-09,
          -1.5599667819960648e-07,
          -5.059998773863009e-08,
          -1.0420482930220987e-07,
          -4.147240521205202e-08,
          -9.506796122945202e-08,
          -1.932271735251331e-08,
          -1.9457148401213333e-07,
          -3.526019986838837e-08,
          -6.001023856013111e-07,
          0.33332513670022845
        ],
        [
          6.82438404909352e-08,
          -6.824384056409493e-08,
          9.283961888510726e-08,
          1.4823547408563088e-07,
          -1.8308171994493678e-07,
          2.507540782955842e-08,
          8.798124432420416e-09,
          -9.819732637577153e-09,
          8.887781241394326e-09,
          -4.347825411640378e-09,
          9.380622604611307e-09,
          2.7706537490765464e-09,
          1.0268607125294864e-08,
          -2.1941384747799155e-07
        ],
        [
          -3.2283041494108023e-09,
          3.228304205097238e-09,
          1.4823547408563088e-07,
          3.94237777594633e-07,
          -3.2232244360403175e-07,
          1.1412247375087586e-08,
          1.2493113097124946e-08,
          -2.7299798707095952e-08,
          1.4471298274673976e-08,
          -1.3552444595845198e-08,
          6.1407820319452175e-09,
          -5.573827708666304e-09,
          7.150756125915937e-09,
          -1.0507667686993072e-07
        ],
        [
          1.5599667812303764e-07,
          -1.5599667819960648e-07,
          -1.8308171994493678e-07,
          -3.2232244360403175e-07,
          3.6675368870338803e-07,
          -4.399880733734143e-08,
          -1.7053831415804246e-08,
          2.1577485851854485e-08,
          -1.7580055861739868e-08,
          9.832694713648837e-09,
          -1.681571554630519e-08,
          -3.560110015042962e-09,
          -1.848820180457271e-08,
          -4.216348101266673e-07
        ],
        [
          5.059998775255169e-08,
          -5.059998773863009e-08,
          2.507540782955842e-08,
          1.1412247375087586e-08,
          -4.399880733734143e-08,
          1.1973541863631295e-08,
          2.6587987991651886e-09,
          -5.408998892376192e-10,
          2.3496126629925115e-09,
          2.6693293200386725e-11,
          4.139252129301991e-09,
          2.5647864098900107e-09,
          4.4532362157798866e-09,
          -1.39173587889729e-07
        ],
        [
          1.0420482929524907e-07,
          -1.0420482930220987e-07,
          8.798124432420416e-09,
          1.2493113097124946e-08,
          -1.7053831415804246e-08,
          2.6587987991651886e-09,
          8.491967384622333e-10,
          -8.158784114676576e-10,
          8.39578537838993e-10,
          -3.467846781974574e-10,
          9.763335872141065e-10,
          3.6124463935411166e-10,
          1.0648616421320651e-09,
          -3.1309981713871243e-07
        ],
        [
          4.1472405219012825e-08,
          -4.147240521205202e-08,
          -9.819732637577153e-09,
          -2.7299798707095952e-08,
          2.1577485851854485e-08,
          -5.408998892376192e-10,
          -8.158784114676576e-10,
          1.8957854309412557e-09,
          -9.607129501869891e-10,
          9.474468261735649e-10,
          -3.4032280673688165e-10,
          4.4436569445314634e-10,
          -4.040158909586417e-10,
          -1.161266918675018e-07
        ],
        [
          9.506796122945202e-08,
          -9.506796122945202e-08,
          8.887781241394326e-09,
          1.4471298274673976e-08,
          -1.7580055861739868e-08,
          2.3496126629925115e-09,
          8.39578537838993e-10,
          -9.607129501869891e-10,
          8.514203058322568e-10,
          -4.279760590654992e-10,
          8.824530982239114e-10,
          2.4747438927310985e-10,
          9.670596133718375e-10,
          -2.867673931188444e-07
        ],
        [
          1.932271736643492e-08,
          -1.932271735251331e-08,
          -4.347825411640378e-09,
          -1.3552444595845198e-08,
          9.832694713648837e-09,
          2.6693293200386725e-11,
          -3.467846781974574e-10,
          9.474468261735649e-10,
          -4.279760590654992e-10,
          4.809646439070643e-10,
          -6.850718707388465e-11,
          2.897170339014523e-10,
          -9.291588854205262e-11,
          -5.3448243888201724e-08
        ],
        [
          1.9457148402257452e-07,
          -1.9457148401213333e-07,
          9.380622604611307e-09,
          6.1407820319452175e-09,
          -1.681571554630519e-08,
          4.139252129301991e-09,
          9.763335872141065e-10,
          -3.4032280673688165e-10,
          8.824530982239114e-10,
          -6.850718707388465e-11,
          1.4437965561138282e-09,
          8.407610323512462e-10,
          1.5570565837108853e-09,
          -5.80066633980536e-07
        ],
        [
          3.526019986490797e-08,
          -3.526019986838837e-08,
          2.7706537490765464e-09,
          -5.573827708666304e-09,
          -3.560110015042962e-09,
          2.5647864098900107e-09,
          3.6124463935411166e-10,
          4.4436569445314634e-10,
          2.4747438927310985e-10,
          2.897170339014523e-10,
          8.407610323512462e-10,
          7.171064300304e-10,
          8.932375701289557e-10,
          -1.0042270926801573e-07
        ],
        [
          6.001023856152327e-07,
          -6.001023856013111e-07,
          1.0268607125294864e-08,
          7.150756125915937e-09,
          -1.848820180457271e-08,
          4.4532362157798866e-09,
          1.0648616421320651e-09,
          -4.040158909586417e-10,
          9.670596133718375e-10,
          -9.291588854205262e-11,
          1.5570565837108853e-09,
          8.932375701289557e-10,
          1.6813389753750017e-09,
          -1.7965426422697361e-06
        ],
        [
          -0.3333251367002284,
          0.33332513670022845,
          -2.1941384747799155e-07,
          -1.0507667686993072e-07,
          -4.216348101266673e-07,
          -1.39173587889729e-07,
          -3.1309981713871243e-07,
          -1.161266918675018e-07,
          -2.867673931188444e-07,
          -5.3448243888201724e-08,
          -5.80066633980536e-07,
          -1.0042270926801573e-07,
          -1.7965426422697361e-06,
          0.9999582216660502
        ]
      ],
      "S_row_names": [
        "x_0.5",
        "x_star",
        "A(x_0.5)",
        "A(x_1)",
        "A(x_1.5)",
        "A(x_2)",
        "A(x_2.5)",
        "A(x_3)",
        "A(x_3.5)",
        "A(x_4)",
        "A(x_4.5)",
        "A(x_5)",
        "A(x_5.5)",
        "A(x_6)"
      ],
      "S_col_names": [
        "x_0.5",
        "x_star",
        "A(x_0.5)",
        "A(x_1)",
        "A(x_1.5)",
        "A(x_2)",
        "A(x_2.5)",
        "A(x_3)",
        "A(x_3.5)",
        "A(x_4)",
        "A(x_4.5)",
        "A(x_5)",
        "A(x_5.5)",
        "A(x_6)"
      ],
      "basis_vectors": [
        "x_0.5",
        "x_star",
        "A(x_0.5)",
        "A(x_1)",
        "A(x_1.5)",
        "A(x_2)",
        "A(x_2.5)",
        "A(x_3)",
        "A(x_3.5)",
        "A(x_4)",
        "A(x_4.5)",
        "A(x_5)",
        "A(x_5.5)",
        "A(x_6)"
      ],
      "lambda_groups": {
        "Monotone Operator Inequality": {
          "matrix": [
            [
              0.0,
              0.0,
              0.0,
              0.0,
              0.0,
              0.0,
              0.0,
              0.0,
              0.0,
              -5.805052881655291e-18,
              2.5661335775924538e-18,
